    0.9445   -0.0354    0.4435    0.3530    0.0304   -0.8803   -0.9871
         0   -0.1088   -0.3222    0.2565   -0.0936    0.4745   -0.1600
    0.3286   -0.9934    0.8364   -0.8998    0.9951         0         0
   -0.3286    0.3070    0.6766   -0.7279   -0.3075    0.4745    0.1600
         0    0.9448   -0.4916   -0.5289    0.9464    0.8803   -0.9871
    0.9445   -0.1144   -0.5482   -0.4364    0.0985         0         0
c = 1.510201e+00

    0.5217   -0.2814   -0.7596   -0.7487   -0.3076    0.8290    0.4821
         0   -0.8662    0.5519   -0.5440    0.9467    0.5592   -0.8761
    0.8531   -0.4129   -0.3442   -0.3789    0.0959         0         0
   -0.8531    0.1276   -0.2785   -0.3065   -0.0296    0.5592    0.8761
         0    0.3927    0.2023   -0.2227    0.0912   -0.8290    0.4821
    0.5217   -0.9108    0.9389    0.9255   -0.9954         0         0
c = 1.550649e+00