Time (s),a,b,c,d
65.9928075951521,0.471279406705435,0.715798189983616,0.509682686231827,-0.075497356341657
66.0567630799863,0.471279406705435,0.715764620683331,0.509682686231827,-0.0755309256419423
66.1167958625391,0.47131297600572,0.715831759283901,0.509581978330971,-0.0755644949422276
66.1799512409774,0.47131297600572,0.715798189983616,0.509615547631256,-0.0755644949422276
66.2438759360411,0.47131297600572,0.715831759283901,0.509581978330971,-0.0755980642425129
66.3067593381739,0.471346545306005,0.715865328584187,0.5095148397304,-0.0756316335427982
66.3667532058779,0.47131297600572,0.715932467184757,0.509414131829544,-0.0757323414436542
66.4318868270671,0.47131297600572,0.715966036485042,0.509346993228974,-0.0757659107439395
66.4918554642648,0.47131297600572,0.716066744385898,0.509212716027832,-0.0758330493445101
66.5559345358164,0.471346545306005,0.716066744385898,0.509179146727547,-0.0758330493445101
66.6179592454625,0.471346545306005,0.716066744385898,0.509179146727547,-0.0758666186447954
66.6789918402832,0.471346545306005,0.716167452286754,0.509044869526406,-0.0759001879450807
66.7440147038259,0.47131297600572,0.716167452286754,0.509044869526406,-0.075933757245366
66.8060894468489,0.47131297600572,0.71620102158704,0.509011300226121,-0.075933757245366
66.8691516007046,0.471346545306005,0.71620102158704,0.508977730925835,-0.0759673265456513
66.9311745998078,0.471346545306005,0.71626816018761,0.508843453724694,-0.0760344651462219
66.9932206912389,0.47131297600572,0.716335298788181,0.508776315124123,-0.0761016037467925
67.0552334270853,0.471346545306005,0.716402437388751,0.508642037922982,-0.0761687423473632
67.1192611823528,0.471346545306005,0.716436006689037,0.508608468622697,-0.0762023116476485
67.1793119256051,0.471346545306005,0.716469575989322,0.508574899322412,-0.0762023116476485
67.2434179382058,0.471346545306005,0.716503145289607,0.508541330022126,-0.0762358809479338
67.3054648849083,0.471346545306005,0.716570283890178,0.5083734835207,-0.0763030195485044
67.3674746273048,0.471346545306005,0.716603853190463,0.508339914220414,-0.0763365888487897
67.4304739187124,0.471380114606291,0.716704561091319,0.508205637019273,-0.076370158149075
67.4925272799504,0.471380114606291,0.716704561091319,0.508172067718988,-0.076370158149075
67.5566119107661,0.471346545306005,0.716738130391605,0.508172067718988,-0.0764037274493603
67.6186250742482,0.471346545306005,0.71683883829246,0.508037790517847,-0.0764708660499309
67.6816632805047,0.47131297600572,0.71683883829246,0.508004221217561,-0.0765044353502162
67.7437611158555,0.47131297600572,0.71683883829246,0.508004221217561,-0.0765380046505015
67.8057982269369,0.47131297600572,0.716872407592746,0.507970651917276,-0.0766051432510722
67.8677622123134,0.471346545306005,0.716939546193316,0.507836374716135,-0.0767058511519281
67.9298467909576,0.471346545306005,0.716973115493602,0.507802805415849,-0.0767058511519281
67.9915636028992,0.471346545306005,0.717040254094172,0.507702097514994,-0.0767058511519281
68.0565980126058,0.471346545306005,0.717040254094172,0.507668528214708,-0.0767394204522134
68.1166252358945,0.471346545306005,0.717073823394458,0.507634958914423,-0.076806559052784
68.1807291103167,0.47131297600572,0.717208100595599,0.507467112412996,-0.0768401283530693
68.2436954737755,0.47131297600572,0.717208100595599,0.507433543112711,-0.0768736976533546
68.3047614241808,0.471279406705435,0.717241669895884,0.507399973812426,-0.0769072669536399
68.3668190617758,0.471279406705435,0.717275239196169,0.50736640451214,-0.0769072669536399
68.428912193134,0.471279406705435,0.717375947097025,0.507265696611285,-0.0769744055542105
68.4939495962905,0.471245837405149,0.717409516397311,0.507198558010714,-0.0769744055542105
68.5550112703389,0.471245837405149,0.717510224298167,0.507097850109858,-0.0770751134550665
68.6181354313711,0.471212268104864,0.717510224298167,0.507064280809573,-0.0770751134550665
68.6790722357949,0.471212268104864,0.717543793598452,0.507030711509287,-0.0771086827553518
68.7441143429442,0.471212268104864,0.717543793598452,0.506997142209002,-0.0771422520556371
68.8072782740965,0.471212268104864,0.717644501499308,0.506896434308146,-0.0772093906562077
68.8672062859027,0.471178698804579,0.717678070799593,0.506862865007861,-0.077242959956493
68.9292626405906,0.471178698804579,0.717678070799593,0.506829295707576,-0.077242959956493
68.9933036525648,0.471178698804579,0.717778778700449,0.50672858780672,-0.0773100985570636
69.0554408304001,0.471145129504293,0.717812348000734,0.506695018506434,-0.0773436678573489
69.1173795852703,0.471178698804579,0.717879486601305,0.506560741305293,-0.0774443757582048
69.181388524567,0.471178698804579,0.717879486601305,0.506527172005008,-0.0774779450584902
69.2441598861463,0.471145129504293,0.71791305590159,0.506493602704722,-0.0775115143587755
69.3042320111835,0.471145129504293,0.717946625201876,0.506460033404437,-0.0775450836590608
69.3692540194549,0.471145129504293,0.718047333102732,0.506292186903011,-0.0775786529593461
69.431312939957,0.471145129504293,0.718047333102732,0.506292186903011,-0.0776122222596314
69.4933932422441,0.471145129504293,0.718114471703302,0.506157909701869,-0.077679360860202
69.5564075009012,0.471145129504293,0.718148041003587,0.506124340401584,-0.077679360860202
69.6184467501611,0.471145129504293,0.718181610303873,0.506124340401584,-0.0777464994607726
69.6818493020344,0.471178698804579,0.718248748904443,0.505956493900158,-0.0777800687610579
69.7429024233687,0.471178698804579,0.718282318204729,0.505922924599872,-0.0778136380613432
69.8049472318927,0.471178698804579,0.718315887505014,0.505889355299587,-0.0778472073616285
69.8689852504171,0.471145129504293,0.718315887505014,0.505855785999302,-0.0778807766619138
69.9310852239464,0.471145129504293,0.718383026105585,0.505755078098446,-0.0779143459621992
69.9930675976581,0.471145129504293,0.718450164706155,0.505687939497875,-0.0779814845627698
70.0544837817022,0.471145129504293,0.718483734006441,0.505587231597019,-0.0780486231633404
70.1164841161134,0.471145129504293,0.718517303306726,0.505553662296734,-0.0780486231633404
70.1795236052769,0.471145129504293,0.718550872607011,0.505520092996449,-0.0780821924636257
70.2416077562853,0.471145129504293,0.718584441907296,0.505486523696163,-0.078115761763911
70.3066019682361,0.471111560204008,0.718651580507867,0.505352246495022,-0.0781493310641963
70.3667142910292,0.471111560204008,0.718685149808152,0.505352246495022,-0.0781829003644816
70.4317209044153,0.471077990903723,0.718718719108438,0.505318677194737,-0.0782164696647669
70.4938816022141,0.471111560204008,0.718785857709008,0.505184399993595,-0.0782836082653375
70.5559392398091,0.471111560204008,0.718819427009294,0.505117261393025,-0.0783171775656228
70.6169555844732,0.471077990903723,0.718886565609864,0.505050122792454,-0.0783843161661935
70.6789858533834,0.471077990903723,0.71892013491015,0.505016553492169,-0.0783843161661935
70.7430422602428,0.471077990903723,0.71892013491015,0.504982984191884,-0.0784514547667641
70.8051922671492,0.471077990903723,0.718953704210435,0.504949414891598,-0.0784514547667641
70.8681026103311,0.471077990903723,0.719020842811005,0.504815137690457,-0.0785857319679053
70.9291647120152,0.471077990903723,0.719020842811005,0.504815137690457,-0.0786193012681906
70.9942008322646,0.471077990903723,0.719054412111291,0.504747999089886,-0.0786528705684759
71.0542789442017,0.471077990903723,0.719155120012147,0.504613721888745,-0.0787200091690465
71.1192829917736,0.471044421603438,0.719222258612717,0.50458015258846,-0.0787871477696172
71.1803314091152,0.471044421603438,0.719255827913003,0.504479444687604,-0.0788207170699025
71.2434371818123,0.471044421603438,0.719289397213288,0.504445875387319,-0.0788207170699025
71.3064108150779,0.471044421603438,0.719289397213288,0.504445875387319,-0.0788542863701878
71.3687083563009,0.471044421603438,0.719322966513573,0.504378736786748,-0.0788878556704731
71.4297644710852,0.471077990903723,0.719390105114144,0.504278028885892,-0.0789214249707584
71.4937819630959,0.471077990903723,0.719423674414429,0.504210890285322,-0.0789549942710437
71.5558391730552,0.471077990903723,0.719457243714714,0.504177320985036,-0.078988563571329
71.6188713924118,0.471077990903723,0.719524382315285,0.504043043783895,-0.0790557021718996
71.6799788234801,0.471077990903723,0.71955795161557,0.50400947448361,-0.0790892714721849
71.7419727433557,0.471044421603438,0.719591520915856,0.503975905183324,-0.0791228407724702
71.8060047749802,0.471044421603438,0.719692228816712,0.503808058681898,-0.0791899793730408
71.8670399356152,0.471044421603438,0.719725798116997,0.503774489381613,-0.0792235486733262
71.9290697768896,0.471010852303152,0.719725798116997,0.503774489381613,-0.0792571179736115
71.9941187262101,0.471044421603438,0.719792936717568,0.503673781480757,-0.0793242565741821
72.056179357255,0.471010852303152,0.719826506017853,0.503606642880186,-0.0793578258744674
72.1182784755129,0.471010852303152,0.719893644618423,0.50350593497933,-0.079424964475038
72.1792576158711,0.471010852303152,0.719927213918709,0.503472365679045,-0.0794585337753233
72.2428838212158,0.470977283002867,0.719960783218994,0.503438796378759,-0.0794585337753233
72.304935471911,0.470977283002867,0.719994352519279,0.503405227078474,-0.0794921030756086
72.3689546744645,0.470943713702582,0.720095060420135,0.503237380577048,-0.0795928109764645
72.4309952066314,0.470977283002867,0.720128629720421,0.503203811276762,-0.0796263802767498
72.4940547946729,0.470977283002867,0.720128629720421,0.503170241976477,-0.0796599495770352
72.556165031459,0.470977283002867,0.720195768320991,0.503069534075621,-0.0796935188773205
72.6184433290755,0.470675159300299,0.722109218437254,0.500316851452226,-0.0815062610927271
72.6805022495776,0.470104481195449,0.72556685636664,0.49528145640943,-0.0846953446198313
72.74255218973,0.469298817988602,0.729998004004301,0.488836150754651,-0.0884886755520711
72.8066209980248,0.468157461778901,0.736409740358795,0.479134622972197,-0.0942961645014293
72.8666187144501,0.466646843266062,0.743895694322418,0.467486075773195,-0.101278578960773
72.9317082891621,0.465169794053509,0.751482356186898,0.455031865367346,-0.1085295478224
72.9937667820285,0.461141478019272,0.768703407233261,0.424886633711139,-0.12605272257133
73.0559882040968,0.458623780497874,0.77793496481172,0.407430597562779,-0.135653542452928
73.1179881108722,0.455871097874478,0.787032245189039,0.389336744708999,-0.145321500935097
73.1790326794926,0.453252692452224,0.79475318425466,0.37308920337091,-0.15381453390728
73.2440542601282,0.448049450908002,0.808382320170494,0.341735476904432,-0.170062075245369
73.3061144635374,0.444961075281753,0.814726917924418,0.326327168073476,-0.177917291512131
73.3701413635335,0.441369160151226,0.821440777981479,0.309139686327399,-0.18657817098574
73.4302340150844,0.437206566915847,0.828121068738255,0.291482234377327,-0.195104773258208
73.4937293639047,0.429183504147659,0.839736046636972,0.258181488494301,-0.209506003080605
73.5562561178632,0.425390173215419,0.8444693179772,0.243108872666198,-0.216253432437952
73.6182744129738,0.421764688784606,0.848531203311722,0.228841920044943,-0.222933723194728
73.6803654061534,0.418340620155504,0.852156687742536,0.215347061330249,-0.228909058645513
73.7434369679945,0.412801685608429,0.857057805584191,0.196078282966482,-0.237737784620549
73.8054394405841,0.410955374092737,0.858568424097029,0.189565838711133,-0.240826160246797
73.8674812556581,0.410049002985033,0.85913910220188,0.18708171049002,-0.242269640159066
73.9295008336758,0.409780448582751,0.859105532901594,0.187215987691161,-0.242672471762489
73.993234803217,0.409579032781039,0.859105532901594,0.187383834192588,-0.242941026164772
74.0552757630197,0.409209770477901,0.859105532901594,0.187585249994299,-0.243377427068481
74.1192958208446,0.40907549327676,0.859105532901594,0.187719527195441,-0.243578842870193
74.1805952603425,0.408907646775333,0.859071963601309,0.187853804396582,-0.243780258671904
74.2436492891198,0.408773369574192,0.859071963601309,0.187887373696867,-0.243914535873046
74.3060327851186,0.408639092373051,0.859071963601309,0.188021650898008,-0.244115951674758
74.3665257036852,0.408471245871624,0.859071963601309,0.18815592809915,-0.244283798176184
74.4314895535013,0.408169122169056,0.859105532901594,0.188290205300291,-0.244619491179037
74.4942309805815,0.4080684142682,0.859071963601309,0.188390913201147,-0.244787337680464
74.5544177119865,0.407934137067059,0.859071963601309,0.188458051801717,-0.24495518418189
74.6183223081723,0.407665582664777,0.859105532901594,0.188592329002859,-0.245257307884458
74.6793655938855,0.407531305463635,0.859105532901594,0.188659467603429,-0.245391585085599
74.7424230437484,0.407430597562779,0.859105532901594,0.188760175504285,-0.24552586228674
74.8045174580137,0.407296320361638,0.859071963601309,0.188860883405141,-0.245660139487882
74.8664677590478,0.407195612460782,0.859105532901594,0.188894452705426,-0.245794416689023
74.9316826310201,0.406960627358785,0.859071963601309,0.189062299206853,-0.246062971091305
74.9927242061905,0.406826350157644,0.859105532901594,0.189129437807424,-0.246197248292447
75.0547510540151,0.406725642256788,0.859105532901594,0.189163007107709,-0.246331525493588
75.1188160135886,0.406624934355932,0.859071963601309,0.189263715008565,-0.246465802694729
75.1799294315567,0.406490657154791,0.859105532901594,0.189364422909421,-0.246566510595585
75.2418934169333,0.406389949253935,0.859105532901594,0.189397992209706,-0.246700787796726
75.3059113365797,0.406188533452223,0.859105532901594,0.189565838711133,-0.246902203598438
75.3679805203386,0.406087825551367,0.859105532901594,0.189632977311703,-0.247002911499294
75.4290114046165,0.405987117650511,0.859105532901594,0.189632977311703,-0.247137188700435
75.4940650579297,0.405752132548514,0.85913910220188,0.189733685212559,-0.247338604502147
75.5561256889746,0.405651424647658,0.85913910220188,0.189834393113415,-0.247472881703288
75.6182145439757,0.405550716746802,0.85913910220188,0.18980082381313,-0.24760715890443
75.6801810951665,0.405450008845946,0.85913910220188,0.189834393113415,-0.247707866805285
75.7432235777799,0.40534930094509,0.85913910220188,0.189901531713986,-0.247842144006427
75.80534536073,0.405181454443664,0.859172671502165,0.189935101014271,-0.248043559808139
75.8683249808954,0.405114315843093,0.859172671502165,0.190002239614842,-0.248110698408709
75.9303552498055,0.405013607942237,0.859172671502165,0.190035808915127,-0.24824497560985
75.9913886998977,0.404946469341667,0.85913910220188,0.190136516815983,-0.248345683510706
76.0565141960085,0.404845761440811,0.859172671502165,0.190102947515697,-0.248446391411562
76.1164597408784,0.40471148423967,0.859172671502165,0.190203655416553,-0.248614237912989
76.1805289768089,0.404610776338814,0.859172671502165,0.190270794017124,-0.248714945813845
76.2435201431382,0.404543637738243,0.85920624080245,0.190237224716839,-0.248782084414415
76.3045873764507,0.404442929837387,0.85920624080245,0.190270794017124,-0.248882792315271
76.3666013952042,0.404308652636246,0.85920624080245,0.190304363317409,-0.249050638816698
76.4296746675881,0.404241514035675,0.85920624080245,0.190270794017124,-0.249151346717554
76.491760956775,0.404174375435105,0.85920624080245,0.190304363317409,-0.249285623918695
76.5567530305473,0.404107236834534,0.85920624080245,0.190337932617695,-0.249386331819551
76.6187708980221,0.403939390333107,0.85920624080245,0.190337932617695,-0.249587747621263
76.6798180324567,0.403905821032822,0.85920624080245,0.19037150191798,-0.249654886221833
76.7418825122229,0.403838682432252,0.85920624080245,0.190405071218265,-0.249722024822404
76.8039174851258,0.403771543831681,0.85920624080245,0.190472209818836,-0.249789163422975
76.8689647239034,0.403737974531396,0.85920624080245,0.190438640518551,-0.24988987132383
76.9310591381687,0.403603697330254,0.85920624080245,0.190505779119121,-0.250024148524972
76.9930222682738,0.403536558729684,0.85920624080245,0.190505779119121,-0.250091287125542
77.0540608499944,0.403502989429398,0.85920624080245,0.190539348419406,-0.250158425726113
77.1190849964442,0.403435850828828,0.85920624080245,0.190572917719692,-0.250225564326684
77.1811161206258,0.403301573627687,0.859239810102736,0.190539348419406,-0.25039341082811
77.2441466294396,0.403234435027116,0.859239810102736,0.190539348419406,-0.250426980128395
77.3061858786994,0.403200865726831,0.859273379403021,0.190572917719692,-0.250494118728966
77.3683174972706,0.40313372712626,0.859273379403021,0.190572917719692,-0.250527688029251
77.4302579626837,0.403033019225404,0.859273379403021,0.190539348419406,-0.250695534530678
77.4922899421366,0.402965880624834,0.859273379403021,0.190606487019977,-0.250729103830963
77.5548060052026,0.402932311324548,0.859273379403021,0.190606487019977,-0.250762673131248
77.6178279613024,0.402865172723978,0.859306948703306,0.190572917719692,-0.250829811731819
77.6818749601764,0.402865172723978,0.859273379403021,0.190606487019977,-0.25089695033239
77.7418748147803,0.402730895522836,0.859306948703306,0.190606487019977,-0.251031227533531
77.8039948871876,0.402697326222551,0.859340518003592,0.190539348419406,-0.251064796833816
77.8690070598378,0.40263018762198,0.859340518003592,0.190572917719692,-0.251131935434387
77.9308427545042,0.402596618321695,0.859340518003592,0.190572917719692,-0.251199074034957
77.9928251282159,0.402529479721125,0.859340518003592,0.190572917719692,-0.251266212635528
78.0539329869199,0.402495910420839,0.859340518003592,0.190572917719692,-0.251333351236099
78.1179534723805,0.402462341120554,0.859340518003592,0.190606487019977,-0.251366920536384
78.1800662749809,0.402428771820269,0.859340518003592,0.190640056320262,-0.251400489836669
78.2430950732519,0.402428771820269,0.859273379403021,0.19094218002283,-0.251333351236099
78.3050487953716,0.38725544809131,0.86185821552499,0.19960305949644,-0.259557829805999
78.3671128475021,0.362447735180467,0.866087947360938,0.207961815267481,-0.274261183330964
78.4291559454833,0.332201795623405,0.869444877389469,0.215279922729678,-0.295476981111278
78.493160608423,0.302795088573475,0.869814139692608,0.220818857276754,-0.320821802826686
78.5552131143896,0.255730929573474,0.863973081442964,0.225015019812417,-0.370772921651223
78.6192913306697,0.2405911751448,0.860649720714719,0.224511480308138,-0.388463942901581
78.6803743865031,0.240289051442232,0.858434146895888,0.221624520483601,-0.395177802958642
78.7423559049434,0.259591399106284,0.856017157275346,0.214306413021404,-0.39225727383382
78.8075502504021,0.294839164405857,0.851888133340253,0.202187895618408,-0.382622884651937
78.8675513879131,0.391451610626973,0.833492156783905,0.168853580435098,-0.351437004686886
78.9316065118654,0.438851462629827,0.820970807777485,0.151162559184741,-0.332403211425117
78.9936111226335,0.478463236966491,0.809892938683333,0.133001567730389,-0.312093784752506
79.0556918525563,0.501760331364494,0.80519323664339,0.120245233621972,-0.292220758983603
79.1177931089928,0.511461859146948,0.807677364864503,0.114471313972899,-0.26999788219473
79.1797271598703,0.464062007144094,0.843462238968641,0.135317849450075,-0.234145869490021
79.2424899687356,0.417937788552081,0.867732843074918,0.153780964606995,-0.220583872174757
79.3045099743889,0.366778174917272,0.890157135665504,0.171941956061346,-0.208498924072046
79.3685574008986,0.314007234868768,0.908116711318144,0.189330853609135,-0.202020049116982
79.4306214530291,0.196917515473615,0.927016227378772,0.227700563835242,-0.223537970599864
79.4936224549796,0.154049519009277,0.923793574551382,0.247237896601291,-0.248379252810992
79.5557852909569,0.131188825514982,0.913353522162652,0.26241122033025,-0.282250676798867
79.6187460951515,0.14021896729173,0.897542381728272,0.270769976101292,-0.318438382506429
79.6797936572218,0.173016173670476,0.875386643539969,0.273992628928681,-0.358654404248227
79.7428079158789,0.279430855574901,0.815532581131265,0.254488865462918,-0.438180076624121
79.8068792899879,0.338714239878755,0.785622334577056,0.232031003572047,-0.462752804432967
79.8688809073061,0.393667184445803,0.759941819858796,0.205209132644086,-0.474737044634821
79.9309560779648,0.441738422454364,0.741243719599879,0.180367850432958,-0.472051500611997
79.9930222682738,0.480208840581327,0.730736528610578,0.159286329853785,-0.458254518194735
80.0550435568343,0.512670353957219,0.742754338112718,0.128167588489305,-0.411089651293878
80.1190636146592,0.513912418067775,0.761888839275343,0.117593258899433,-0.376244717597729
80.1791331738822,0.507232127310999,0.783843161661935,0.113531373564911,-0.339654180286743
80.244156037425,0.492125942182611,0.808952998275345,0.111953616451501,-0.301318039360922
80.3062085433915,0.466747551166918,0.836043423605588,0.113799927967193,-0.264895348551363
80.3692497430979,0.385946245380183,0.887404453042109,0.126791247177607,-0.21769691235022
80.4313625456982,0.34096338299787,0.905833998898743,0.13528428014979,-0.21168800759915
80.4928219209481,0.298061817233247,0.91808679350288,0.143340912218264,-0.218267590455071
80.5568838870717,0.257946503392304,0.924196406154806,0.153277425102715,-0.236126458206854
80.6178826986721,0.18708171049002,0.918388917205448,0.176675227401574,-0.300478806853789
80.6789584846986,0.159890577258921,0.908888805224706,0.189163007107709,-0.33545801775108
80.7419761644413,0.139916843589162,0.898885153739684,0.199703767397295,-0.363958353693306
80.8040359402148,0.12598558397076,0.889720734761795,0.209740988182602,-0.385308428674762
80.8691297912838,0.108160285519261,0.872835376718285,0.224645757509279,-0.419481976365205
80.9313725951372,0.104098400184739,0.86185821552499,0.226861331328109,-0.441369160151226
80.9934182589326,0.105206187094154,0.846214921592036,0.225082158412988,-0.471279406705435
81.0554720478062,0.109905889134097,0.82530124751429,0.218502575557068,-0.50894416162555
81.1194963819882,0.120883050327393,0.773168124171207,0.203899929932959,-0.588201279599161
81.1815634275686,0.120883050327393,0.773168124171207,0.203899929932959,-0.588201279599161
81.2415889403145,0.125079212863056,0.728990924995742,0.189129437807424,-0.645839768189035
81.3067033178971,0.124004995253927,0.718013763802446,0.182885547954356,-0.659972443609149
81.3693587902015,0.121453728432243,0.716066744385898,0.178387261716125,-0.663799343841674
81.4303969442863,0.116854734293156,0.719155120012147,0.174593930783885,-0.662288725328835
81.4925811620487,0.112121462952928,0.720598599924415,0.170733461251075,-0.662557279731118
81.5565725682817,0.0982237726348103,0.722176357037824,0.155727984023542,-0.666686303666211
81.6176274001588,0.0879179974472208,0.722847743043531,0.139916843589162,-0.67091603550216
81.6807237648705,0.0733824904236826,0.722176357037824,0.118868892310275,-0.677394910457224
81.7437700962052,0.0565978402810288,0.720363614822418,0.0965788769208302,-0.684444463517139
81.8061955005027,0.0405517147446517,0.715932467184757,0.0779814845627698,-0.692568234186183
81.8682120850704,0.00647887495506438,0.703411118178337,0.0399474673395162,-0.709621438731119
81.9302757095652,-0.0114135620970046,0.698409292435827,0.0185302537574898,-0.715361789079907
81.9943038924684,-0.0298095386533532,0.693071773690463,-0.00422973183594877,-0.720195768320991
82.0563623853348,-0.0437407982717559,0.688472779551375,-0.0236327874008566,-0.723519129049237
82.1163742137383,-0.0500182574251085,0.68572009692798,-0.0405517147446517,-0.724962608961505
82.1819303389996,-0.0381682944243948,0.687197146140534,-0.0332000379821693,-0.724660485258937
82.2419130881755,-0.018765238859487,0.689916259463644,-0.0178252984514984,-0.723384851848095
82.3059070602227,0.009600819881598,0.693172481591319,0.00520324154422269,-0.720665738524986
82.3679796650672,0.0456878176883038,0.69609301071614,0.0373290619172622,-0.715496066281048
82.4299992430848,0.129040390296723,0.696294426517852,0.123702871551359,-0.695119501007866
82.4920449068802,0.169759951542801,0.691594724477909,0.16905499623681,-0.68135608789089
82.5541025444752,0.210110250485741,0.684243047715427,0.212090839202574,-0.665309962354513
82.6191228422037,0.246499371995014,0.675716445442959,0.246365094793873,-0.649532391220419
82.6800878705837,0.277853098461492,0.667424828272488,0.274294752631249,-0.634056943788892
82.7431141030405,0.316155670087028,0.655440588070633,0.312362339154788,-0.610558433589176
82.8051640431929,0.31642422448931,0.654836340665497,0.318035550903005,-0.608175013268919
82.8682073810777,0.305917033500009,0.658058993492887,0.312261631253932,-0.613008992510004
82.9302205445599,0.285943299830251,0.664638576348807,0.295812674114131,-0.623616891400161
82.9942897804903,0.222161629288166,0.683605231010006,0.23458227039373,-0.654399939761788
83.0541403902347,0.186108200781746,0.691762570979336,0.194769080255355,-0.669976095094171
83.1191572668776,0.147704921255354,0.697502921328123,0.150860435482173,-0.684713017919421
83.1802082500335,0.111920047151216,0.699517079345242,0.110543705839518,-0.697032951124129
83.2422551967359,0.077679360860202,0.699282094243245,0.0727111044179765,-0.706835186807439
83.3062765374679,0.02182004518545,0.696395134418708,0.0112792848958634,-0.717174531295314
83.3683239118061,0.00584105824964354,0.693340328092745,-0.00433043973680469,-0.720531461323844
83.4303434898238,-0.00288695982453646,0.690419798967923,-0.00832518647075631,-0.723317713247525
83.4927582032287,-0.00221557381883031,0.687767824245384,-0.000100707900855923,-0.725868980069208
83.5547418598475,0.00651244425534969,0.68729785404139,0.0176238826497865,-0.72607039587092
83.6178074347888,0.0381347251241095,0.695623040512146,0.067205739171186,-0.714186863569921
83.6798227364494,0.0572692262867349,0.703041855875199,0.0947997040057089,-0.702437608470063
83.7438821367588,0.0718718719108438,0.710863502841676,0.114572021873755,-0.690151244565641
83.8049639096851,0.0827818945035688,0.718685149808152,0.122997916245367,-0.679274791273201
83.8689437697541,0.0953368128102738,0.722982020244672,0.132598736126965,-0.671251728505013
83.9310612763472,0.11074512164123,0.725600425666926,0.141628877903713,-0.664168606144813
83.9930547685871,0.111685062049219,0.733791334936541,0.143139496416552,-0.654634924863785
84.0540604223587,0.109905889134097,0.753630791405158,0.144918669331673,-0.631572815567779
84.1191380232711,0.104836924791016,0.783809592361649,0.147201381751074,-0.59407590714909
84.1792101483083,0.0987944507396605,0.819057357661222,0.149920495074184,-0.544829743630544
84.2431955676415,0.0808348750870209,0.879247113072779,0.15438521201213,-0.443282610267488
84.3052472183367,0.0735503369251092,0.897743797529984,0.154351642711845,-0.405953548350226
84.3673809750864,0.0687834962845955,0.911607918547816,0.154418781312415,-0.374599821883749
84.4293458157343,0.0651580118537822,0.921779416534264,0.153747395306709,-0.349859247573477
84.4913730911946,0.0632445617375197,0.92953392490017,0.152371053995012,-0.329751236702577
84.5564323037719,0.0606932949158363,0.941887427405163,0.149886925773899,-0.294302055601293
84.6164697903174,0.059350522904424,0.948030609357374,0.14894698536591,-0.274764722835243
84.6805368880694,0.0549529445670487,0.954173791309586,0.147939906357351,-0.254119603159779
84.7435554230835,0.0502868118273909,0.960014849559229,0.146429287844512,-0.233071651880891
84.8066505048881,0.0477355450057075,0.962700393582054,0.142837372713984,-0.224612188208994
84.8686495563921,0.0481719459094165,0.962498977780342,0.140386813793157,-0.22692846992868
84.9296825788485,0.0481719459094165,0.963271071686904,0.138775487379462,-0.224679326809564
84.9916944594236,0.0454528325863066,0.964714551599172,0.137902685572044,-0.219610362466483
85.0557555702757,0.0420623332574905,0.966560863114864,0.135720681053499,-0.213400041913701
85.1177751482934,0.0312865878659068,0.971495550256805,0.129644637701858,-0.195944005765341
85.1792747212991,0.0260162077211135,0.974348940781056,0.124743519860203,-0.185336106875184
85.2425173374204,0.0215850600834528,0.977773009410157,0.118768184409419,-0.171371277956496
85.3043692822434,0.018328837955778,0.981163508738973,0.113128541961487,-0.155325152420119
85.3663931366181,0.0113128541961487,0.98740739859204,0.105474741496437,-0.11725756589658
85.4314497833811,0.009164418977889,0.989522264510015,0.103460583479318,-0.099935806949361
85.4924845163804,0.00906371107703308,0.990932175121998,0.102184950068477,-0.086407378934382
85.5545306078114,0.00956725058131269,0.991737838328845,0.101278578960773,-0.077679360860202
85.6185656328859,0.00939940407988615,0.992879194538546,0.10094288595792,-0.0622039134286752
85.6797350711308,0.00926512687874492,0.992610640136263,0.107488899513555,-0.0553222068701871
85.7427010069538,0.00903014177674777,0.990730759320286,0.126287707673328,-0.0485412082125549
85.8067219200501,0.0102722058873042,0.987038136288902,0.154586627813842,-0.0413238086512138
85.8687637351242,0.0116149778987165,0.981364924540685,0.188928022005712,-0.0329314835798868
85.9317797043241,0.00788878556704731,0.966728709616291,0.254891697066341,-0.0186309616583458
85.9938257957552,0.00322265282738954,0.959880572358088,0.279900825778896,-0.0142669526212558
86.0561314620565,-0.00238342032025685,0.953233850901597,0.301888717465772,-0.0125213490064198
86.1192440769248,-0.00634459775392315,0.946452852243965,0.322466698540666,-0.0131591657118406
86.1801949933268,-0.00788878556704731,0.939235452682624,0.342843263813847,-0.0147369228252501
86.2442458409221,-0.00661315215620562,0.930339588107017,0.366308204713278,-0.0149047693266766
86.3062701229324,-0.000671386005706154,0.935207136648387,0.353686147806002,-0.0153411702303856
86.3673313693451,0.00715026096077054,0.946184297841683,0.323003807345231,-0.0170867738452216
86.4293727567835,0.0153411702303856,0.960820512766077,0.275939648345229,-0.0200073029700434
86.4941356178203,0.0205779810748936,0.975591004891612,0.217193372845941,-0.0236999260014272
86.5562035186721,0.0224914311911562,0.995631877161941,0.0850646069229697,-0.0307159097610565
86.6192032377154,0.0228606934942945,0.998619544887333,0.0337035774864489,-0.0325622212767485
86.6802777408348,0.0218536144857353,0.999156653691898,0.00466613273965777,-0.0339049932881608
86.7432992692989,0.0196716099671903,0.999223792292469,0.00359191513052792,-0.0338042853873048
86.8043263048555,0.0160796948366624,0.99885452998933,0.0287353210442234,-0.0340057011890167
86.8683724484581,0.00772093906562077,0.991905684830272,0.122662223242514,-0.0309173255627684
86.9308111094623,0.00446471693794592,0.983144097455806,0.180804251336667,-0.0264190393245372
86.992914931713,0.00214843521825969,0.970992010752525,0.238073477623402,-0.0211150898794585
87.0548549694903,0.00184631151569192,0.95622151862699,0.292220758983603,-0.0141998140206852
87.1169224427064,0.003054806325963,0.94041037819261,0.339855596088455,-0.007418815363053
87.1809865470085,0.00332336072824546,0.910667978139827,0.413036670710426,0.00117492550998577
87.2430112566545,0.00540465734593454,0.903886979482195,0.42767288563482,0.00127563341084169
87.3050462295574,0.0108764532924397,0.905632583097031,0.423845985402295,-0.00164489571398008
87.3671064329666,0.0194366248651932,0.914763432774635,0.403402281528543,-0.00664672145649092
87.4292093999459,0.0298431079536385,0.928761830993608,0.36929587243867,-0.0112457155955781
87.4941886446471,0.0483397924108431,0.960283403961512,0.274194044730393,-0.0172546203466482
87.5552387725316,0.0561950086776051,0.973543277574208,0.220617441475042,-0.0187316695592017
87.6172613439991,0.0610289879186894,0.98304338955495,0.171673401659064,-0.0196716099671903
87.6803329058402,0.0649230267517851,0.988515185501456,0.134814309945796,-0.0208465354771761
87.743599041925,0.0937590556968644,0.989925096113438,0.102688489572756,-0.02618405422254
87.8063545809833,0.121420159131958,0.986803151186905,0.10201710356705,-0.0321593896733248
87.8686046546435,0.159957715859491,0.980693538534979,0.105911142400146,-0.0368926610135532
87.9314555564631,0.200979400808137,0.972200505562796,0.114337036771758,-0.0365569680107001
87.9934759897521,0.284365542716841,0.948232025159086,0.138204809274612,-0.0285339052425115
88.0555473116896,0.327267108481465,0.932521592625562,0.150927574082743,-0.0222900153894443
88.1185820968603,0.365536110806715,0.916710452191182,0.160293408862344,-0.0175567440492159
88.1806174973989,0.403234435027116,0.899657247646246,0.166537298715411,-0.0141662447203998
88.2441769915743,0.436468042309571,0.883778968611296,0.167880070726824,-0.0140655368195439
88.3062470306046,0.466881828368059,0.868739922083478,0.164388863497152,-0.0160461255363771
88.3691868806499,0.516564392790315,0.842555867860938,0.151498252187594,-0.016583234340942
88.4302455612483,0.53512821584809,0.83245150847506,0.143072357815981,-0.0126891955078463
88.4922933632222,0.549428737769631,0.824462015007157,0.135150002948649,-0.00903014177674777
88.5563382239177,0.566381234413711,0.814726917924418,0.124072133854497,-0.00312194492653362
88.6173883518022,0.588536972602014,0.801232059209724,0.107488899513555,0.00473327134022838
88.6794960227742,0.625396064315282,0.774745881284616,0.092080590682599,0.0108093146918691
88.7435485809123,0.641039358248236,0.761855269975058,0.0920470213823137,0.0110107304935809
88.8055330928025,0.654534216962929,0.749300351668353,0.0997343911476491,0.0121185174029961
88.8685789965015,0.663463650838821,0.739934516888752,0.10960376543153,0.0147704921255354
88.9306135417687,0.67098317410273,0.731575761117711,0.119036738811701,0.018765238859487
88.9916149191833,0.682531013400876,0.715932467184757,0.141696016504284,0.0381011558238242
89.0566801186604,0.685921512729692,0.710024270334543,0.150793296881602,0.0508910592325265
89.1188831523935,0.689043457656226,0.706197370102018,0.151431113587023,0.0592498150035681
89.1810340145713,0.693810298296739,0.705223860393744,0.13585495825464,0.0527373707482184
89.2439353774035,0.705861677099165,0.705559553396597,0.0613311116212572,-0.0104400523887307
89.304986788195,0.708950052725413,0.703008286574914,0.0191680704629107,-0.0522674005442241
89.3670469916042,0.710057839634828,0.698711416138394,-0.0133605815135525,-0.085970978030673
89.4310811614072,0.711031349343102,0.692266110483615,-0.0431701201669057,-0.115344115780317
89.4931311015596,0.711400611646241,0.685753666228266,-0.068514941882313,-0.137533423268906
89.5556886452886,0.713045507360221,0.677864880661218,-0.0929198231897317,-0.152841024199006
89.6178420732805,0.714958957476483,0.677294202556368,-0.0902678484671924,-0.147973475657636
89.679859085484,0.718080902403017,0.678267712264642,-0.0768401283530693,-0.135452126651217
89.7438222677607,0.720967862227553,0.681658211593458,-0.0512267522353795,-0.113430665664055
89.8059119780332,0.723552698349522,0.684981572321703,-0.0153411702303856,-0.0836882656112721
89.8669189147119,0.722478480740392,0.687264284741104,0.0742552922311006,-0.0112457155955781
89.9319918116316,0.715529635581333,0.686727175936539,0.124777089160489,0.0275268262339523
89.9925185134186,0.703276840977196,0.685384403925127,0.176406672999292,0.0667021996669064
90.0546086513268,0.689177734857367,0.68185962739517,0.223269416197581,0.101010024558491
90.1175852780423,0.676186415646953,0.678234142964357,0.257308686686883,0.128536850792443
90.1816523757943,0.669103293286753,0.671587421507866,0.277282420356642,0.15596296912554
90.2416663423763,0.67427296553069,0.671453144306724,0.266808798667626,0.152505331196153
90.3066981862687,0.681792488794599,0.673635148825269,0.248110698408709,0.140655368195439
90.3687524027781,0.689479858559935,0.679811900077766,0.221120980979322,0.116149778987165
90.4311760965328,0.696932243223273,0.688707764653373,0.183758349761774,0.0785185933673347
90.494263053259,0.706365216603444,0.701195544359507,0.0940611793994321,-0.0216186293837382
90.5562428611565,0.706432355204015,0.702538316370919,0.0511596136348089,-0.0689849120863073
90.6173041075692,0.705257429694029,0.700557727654086,0.0145690763238235,-0.107589607414411
90.6793472055504,0.703411118178337,0.69773790643012,-0.0125213490064198,-0.134814309945796
90.7413868824459,0.701732653164072,0.695455194010719,-0.0296081228516414,-0.151632529388735
90.8064037590889,0.69659655022042,0.6993828021441,-0.027929657837376,-0.157339310437237
90.8665857865012,0.691359739375912,0.705559553396597,-0.0115142699978605,-0.155090167318122
90.9316732230347,0.684444463517139,0.712273413453659,0.0112457155955781,-0.155123736618407
90.9936735574458,0.675884291944385,0.71898727351072,0.0365233987104148,-0.15760786483952
91.0547164155233,0.663698635940818,0.728017415287468,0.0653258583552088,-0.158581374547794
91.1187578551333,0.631169983964355,0.746044129540678,0.107119637210417,-0.182986255855212
91.1818204366246,0.612740438107721,0.754369316011434,0.115814085984312,-0.204940578241803
91.2428218140392,0.592028179831686,0.763936566592747,0.118533199307421,-0.227599855934386
91.3050171503298,0.563796398291743,0.778203519214003,0.118633907208277,-0.24982273272326
91.3670884722672,0.480880226587033,0.821105084978626,0.122259391639091,-0.28201569169687
91.4291016357493,0.425826574119128,0.846013505790324,0.127899034087022,-0.294167778400151
91.4941514403412,0.366375343313848,0.868639214182622,0.135418557350931,-0.304708538689738
91.5561902619654,0.303365766678326,0.887001621438685,0.143609466620546,-0.317062041194731
91.6182342152179,0.240054066340235,0.899522970445105,0.152102499592729,-0.331765394719696
91.679283487831,0.118835323009989,0.904189103184763,0.169793520843086,-0.373424896373763
91.7441378629077,0.0634795468395168,0.894991114906588,0.180737112736097,-0.402831603423692
91.8062716196574,0.0125213490064198,0.879515667475061,0.194769080255355,-0.433950344788173
91.8682351773983,-0.0363891215092735,0.859038394301024,0.210143819786026,-0.465270501954365
91.9292771802044,-0.129409652599861,0.814055531918711,0.236596428410849,-0.514348818971484
91.994318859718,-0.172244079763914,0.790624160319567,0.246398664094158,-0.533382612233254
92.0543328262999,-0.212460101505712,0.768837684434402,0.254656711964344,-0.546676055146236
92.1163926020734,-0.2536160636555,0.749266782368068,0.2606991860157,-0.553423484503583
92.1806872020181,-0.297994678632676,0.731206498814572,0.266305259163346,-0.552785667798162
92.24377757983,-0.341030521598441,0.716133882986469,0.270702837500721,-0.545433991035679
92.3057300190426,-0.429250642748229,0.69501879310701,0.274093336829537,-0.507433543112711
92.3677838079163,-0.475039168337389,0.686727175936539,0.275301831639808,-0.476314801748231
92.429829044076,-0.515389467280329,0.680718271185469,0.275939648345229,-0.441369160151226
92.493893148378,-0.548757351763925,0.678099865763215,0.277785959860921,-0.402260925318842
92.5569142492064,-0.572356569864496,0.679106944771775,0.281344305691164,-0.363320536987885
92.6189286955957,-0.589275497208291,0.694985223806725,0.295309134609852,-0.287218933241093
92.6810637352525,-0.584072255664069,0.708446513221134,0.305144939593447,-0.252508276746084
92.7440211183614,-0.570812382051372,0.72556685636664,0.319546169415844,-0.213433611213986
92.8050177917833,-0.552819237098447,0.74460064962841,0.332940320229682,-0.170498476149078
92.8681060314167,-0.530999191912997,0.765782878108439,0.341903323405859,-0.120983758228249
92.9291219484451,-0.488668304253224,0.800191410900879,0.347542965853791,-0.00825804787018569
92.9941914242792,-0.462920650934393,0.811302849295316,0.354928211916558,0.0381682944243948
93.05620073904,-0.427202915430826,0.823924906202592,0.365905373109854,0.0685485111825983
93.1183208114473,-0.379366662524262,0.839501061534975,0.380474449433677,0.080734167186165
93.1803386789221,-0.318606229007855,0.858836978499312,0.39326435284238,0.0784850240670494
93.2433170161805,-0.183154102356639,0.894487575402309,0.405147885143379,0.0465270501954365
93.3053900486607,-0.111685062049219,0.906773939306731,0.406121394851652,0.0173888975477894
93.3664234987528,-0.0501525346262497,0.913890630967217,0.402697326222551,-0.00980223568330985
93.4324701221627,0.00543822664621985,0.919328857613436,0.392895090539241,-0.020074441570614
93.4924990559942,0.0643187793466495,0.921611570032837,0.381548667042807,-0.0296416921519267
93.5545489961466,0.142669526212558,0.922417233239685,0.357445909437956,-0.0314544343673333
93.6185673434287,0.178588677517837,0.92080590682599,0.345797362238955,-0.0249755594122689
93.6796067804206,0.221758797684743,0.915804081083479,0.334249522940809,-0.018328837955778
93.7436486476662,0.27221345601356,0.905833998898743,0.323943747753219,-0.0182952686554927
93.8067184989645,0.322500267840951,0.89247341738519,0.314141512069909,-0.0274596876333817
93.8693192338992,0.379299523923692,0.87330534692228,0.302224410468625,-0.0457885255891597
93.9313294039314,0.48383432501214,0.827248266930837,0.267010214469337,-0.101010024558491
93.9934302327322,0.519048521011428,0.806401731453661,0.251299781935813,-0.130819563211844
94.0554241526078,0.542916293514281,0.788207170699025,0.237838492521405,-0.165395942505711
94.1164687212281,0.555773335523554,0.773671663675486,0.229311890248937,-0.199770905997866
94.1795364343479,0.552987083599874,0.757289845136256,0.227029177829536,-0.262948329134815
94.2415384793018,0.542077061007149,0.755510672221135,0.233407344883744,-0.284331973416556
94.3065895668008,0.529052172496449,0.755980642425129,0.24216893225821,-0.299773851547798
94.3669135692656,0.495919273114851,0.760781052365928,0.255529513771762,-0.331563978917984
94.4320339337481,0.479906716878759,0.761586715572776,0.258718597298866,-0.350228509876615
94.4940090376529,0.465572625656932,0.762862348983617,0.258685027998581,-0.366442481914419
94.5550544615446,0.45385693985736,0.766152140411577,0.256033053276042,-0.376076871096302
94.6191168553039,0.44398756557348,0.771153966154088,0.250561257329537,-0.381280112640525
94.6794083574556,0.435225978199014,0.779076321021421,0.247674297505,-0.377117519405147
94.7443221738946,0.411257497795305,0.79589454046436,0.248714945813845,-0.368120946928684
94.8063443177265,0.40370440523111,0.800493534603447,0.246734357097012,-0.367785253925831
94.8674393473595,0.398971133890882,0.807442379762506,0.240490467243944,-0.361877057075617
94.9304253820604,0.396923406573478,0.816472521539254,0.23344091418403,-0.348214351859497
94.992494993455,0.396319159168343,0.827348974831693,0.226122806721833,-0.327468524283177
95.0555233640903,0.394204293250368,0.844805010980053,0.212795794508565,-0.292556451986457
95.1165683603464,0.391216625524976,0.851518871037115,0.208700339873758,-0.279665840676898
95.1816404019947,0.389638868411566,0.856185003776773,0.206921166958637,-0.268822956684744
95.2427025036787,0.388228957799583,0.859978334709012,0.205981226550648,-0.259356414004287
95.304809747015,0.386852616487886,0.863402403338114,0.202624296522117,-0.252508276746084
95.3677525905102,0.389269606108428,0.8645773288481,0.192687783637666,-0.25254184604637
95.4317820563205,0.392525828236103,0.863335264737543,0.192956338039949,-0.251534767037811
95.4938435426368,0.39655414427034,0.861824646224704,0.194836218855926,-0.248916361615557
95.5538810291823,0.397393376777472,0.861488953221851,0.19473551095507,-0.248882792315271
95.61790279755,0.39762836187947,0.861656799723278,0.192620645037096,-0.249554178320977
95.6806617576939,0.397661931179755,0.861623230422992,0.192452798535669,-0.249688455522119
95.7437110824785,0.397762639080611,0.861589661122707,0.192419229235384,-0.249789163422975
95.8057315157676,0.397796208380896,0.861556091822422,0.192352090634813,-0.249856302023545
95.8677690544846,0.397863346981467,0.861488953221851,0.192284952034242,-0.249923440624116
95.9297911983165,0.398031193482893,0.861421814621281,0.192083536232531,-0.250124856425828
95.9938523091686,0.398131901383749,0.861388245320995,0.19201639763196,-0.250158425726113
96.0559018216853,0.39819903998432,0.86135467602071,0.191982828331675,-0.250225564326684
96.1184465363433,0.39826617858489,0.861321106720425,0.191814981830248,-0.250292702927254
96.1815458945048,0.398434025086317,0.861253968119854,0.191680704629107,-0.250426980128395
96.2425271730415,0.398467594386602,0.861220398819569,0.191647135328822,-0.250460549428681
96.3045386259808,0.398501163686888,0.861220398819569,0.191479288827395,-0.250561257329537
96.3666133690039,0.398568302287458,0.861186829519283,0.19144571952711,-0.250594826629822
96.4296455883604,0.398669010188314,0.861119690918713,0.191345011626254,-0.250729103830963
96.4916583242069,0.398702579488599,0.861119690918713,0.191143595824542,-0.250796242431534
96.5543924814802,0.39876971808917,0.861086121618428,0.191110026524257,-0.250863381032104
96.6165146920659,0.398803287389455,0.861052552318142,0.191042887923686,-0.25089695033239
96.6815482465012,0.398870425990026,0.861018983017857,0.191042887923686,-0.25096408893296
96.7435156529634,0.398971133890882,0.860985413717572,0.190841472121974,-0.251064796833816
96.8055826985438,0.399038272491453,0.860951844417286,0.190807902821689,-0.251165504734672
96.8686067928221,0.399105411092023,0.860918275117001,0.190774333521404,-0.251199074034957
96.9316809204773,0.399138980392308,0.860884705816716,0.190640056320262,-0.251266212635528
96.9916876172524,0.399239688293164,0.86085113651643,0.190539348419406,-0.251366920536384
97.0568165344488,0.399306826893735,0.860817567216145,0.190505779119121,-0.251434059136955
97.116798855989,0.399306826893735,0.860817567216145,0.190337932617695,-0.251534767037811
97.1808219072638,0.399373965494306,0.86078399791586,0.190270794017124,-0.251568336338096
97.2438759360411,0.399407534794591,0.860750428615574,0.190237224716839,-0.251635474938666
97.3038830604519,0.399474673395162,0.860750428615574,0.190035808915127,-0.251736182839522
97.3667091594008,0.399508242695447,0.860716859315289,0.190002239614842,-0.251769752139808
97.431767089071,0.399541811995732,0.860716859315289,0.189968670314556,-0.251803321440093
97.4938649244218,0.399575381296017,0.860683290015004,0.189834393113415,-0.251870460040664
97.555806672742,0.399608950596303,0.860683290015004,0.189733685212559,-0.25197116794152
97.618852576441,0.399642519896588,0.860649720714719,0.189700115912274,-0.25203830654209
97.6809773528409,0.399608950596303,0.860683290015004,0.189565838711133,-0.252071875842375
97.7439638151776,0.399608950596303,0.860683290015004,0.189532269410847,-0.252139014442946
97.8067950457549,0.399642519896588,0.860649720714719,0.189498700110562,-0.252172583743231
97.866831677029,0.399676089196873,0.860649720714719,0.18929728430885,-0.252273291644087
97.9319499033329,0.399709658497159,0.860616151414433,0.189263715008565,-0.252340430244658
97.993936125766,0.399743227797444,0.860616151414433,0.189230145708279,-0.252373999544943
98.0559373154485,0.399776797097729,0.860582582114148,0.189163007107709,-0.252441138145514
98.1179829792438,0.399810366398015,0.860582582114148,0.188961591305997,-0.25254184604637
98.1790485020135,0.3998439356983,0.860582582114148,0.188928022005712,-0.25254184604637
98.2441419254469,0.399877504998585,0.860549012813863,0.188928022005712,-0.252575415346655
98.3061828852495,0.399911074298871,0.860549012813863,0.188760175504285,-0.252642553947226
98.3682580559082,0.399911074298871,0.860549012813863,0.188659467603429,-0.252709692547796
98.4302601008622,0.399944643599156,0.860549012813863,0.188659467603429,-0.252743261848082
98.4923203042714,0.399978212899441,0.860515443513577,0.188525190402288,-0.252810400448652
98.5553567999849,0.400078920800297,0.860414735612721,0.188995160606282,-0.252676123247511
98.6163928158913,0.401555970012851,0.859239810102736,0.19087504142226,-0.252944677649793
98.6814580153684,0.414748705024977,0.850310376226844,0.191546427427966,-0.261169156219694
98.7424859061964,0.420791179076332,0.84661775319546,0.189498700110562,-0.264962487151934
98.804601274611,0.414647997124121,0.851149608733976,0.191982828331675,-0.258248627094872
98.8685777135944,0.398165470684035,0.857997745992179,0.206417627454357,-0.250191995026398
98.9295914924443,0.389101759607001,0.857292790686188,0.223537970599864,-0.252206153043517
98.991641004961,0.430694122660498,0.839568200135545,0.2099759732846,-0.255865206774615
99.0556888591064,0.423208168696874,0.844905718880909,0.210412374188309,-0.250359841527825
99.1167240197414,0.412600269806717,0.847356277801737,0.22420935660557,-0.247808574706141
99.1817716861547,0.427975009337388,0.841145957248955,0.222430183690449,-0.244485213977896
99.2428568801666,0.442812640063494,0.832015107571351,0.206149073052075,-0.262948329134815
99.3048443855067,0.418239912254649,0.846785599696886,0.216891249143373,-0.246835064997867
99.3669092929086,0.423845985402295,0.844502887277486,0.219811778268195,-0.242437486660492
99.4319445578867,0.434051052689028,0.837755457920139,0.215447769231105,-0.251601905638381
99.4929724487147,0.43969069513696,0.834532805092749,0.204202053635527,-0.261605557123403
99.555122455621,0.404107236834534,0.849034742816002,0.223772955701861,-0.25633517697861
99.6181717804056,0.416762863042095,0.847826248005731,0.212527240106283,-0.249487039720407
99.6802691881208,0.426296544323122,0.844167194274632,0.207760399465769,-0.249856302023545
99.7423229769945,0.421966104586318,0.847826248005731,0.21054665138945,-0.242336778759636
99.806270764386,0.432506864875904,0.848732619113434,0.210479512788879,-0.219610362466483
99.8683301125238,0.437139428315277,0.837453334217571,0.218469006256782,-0.244585921878752
99.929360569166,0.426833653127687,0.842790852962935,0.225988529520691,-0.237469230218267
99.99140537769,0.421361857181182,0.843999347773206,0.229815429753216,-0.239181264532817
100.056568505743,0.42445023280743,0.844100055674062,0.22199378278674,-0.240826160246797
100.118653939658,0.417266402546375,0.850142529725417,0.218905407160491,-0.234884394096298
100.180647431898,0.426833653127687,0.843562946869497,0.217226942146226,-0.242773179663345
100.243694190868,0.424584510008572,0.844100055674062,0.222228767888737,-0.240322620742518
100.305706499079,0.422939614294592,0.845879228589183,0.21984534756848,-0.239181264532817
100.36678185747,0.418709882458643,0.847591262903734,0.224746465410135,-0.235958611705428
100.431834655512,0.417333541146945,0.850444653427985,0.224813604010706,-0.228036256838095
100.492217244068,0.412499561905861,0.84554353558633,0.232500973776041,-0.246566510595585
100.554291987091,0.421999673886603,0.84712129269974,0.225182866313844,-0.231359617566341
100.61829365658,0.42659866802569,0.847087723399454,0.226559207625542,-0.221590951183316
100.679337797565,0.428075717238244,0.846080644390895,0.227062747129821,-0.221960213486454
100.743380520082,0.434487453592737,0.83681551751215,0.219375377364486,-0.250494118728966
100.804410976724,0.41780351135094,0.846718461096316,0.234615839694015,-0.231124632464343
100.866437824549,0.422133951087744,0.842119466957229,0.229379028849507,-0.24488804558132
100.929471754448,0.415621506832395,0.84775910940516,0.221725228384457,-0.243545273569907
100.991564030535,0.4140101804187,0.844872149580624,0.229043335846654,-0.249554178320977
101.056568933378,0.432641142077046,0.836379116608441,0.210714497890876,-0.26241122033025
101.117644291769,0.430089875255362,0.83953463083526,0.214440690222546,-0.253280370652647
101.179655317073,0.411156789894449,0.844435748676915,0.242370348059922,-0.242974595465057
101.243699750132,0.409109062577045,0.845677812787471,0.241497546252504,-0.243008164765342
101.305701795086,0.420824748376617,0.844234332875203,0.217999036052788,-0.250124856425828
101.369381027258,0.394506416952936,0.854506538762507,0.242202501558495,-0.235555780102004
101.431475013887,0.426565098725405,0.84175020465409,0.207491845063487,-0.257677948990022
101.493441137443,0.430660553360212,0.843630085470068,0.201617217513558,-0.24925205461841
101.554480574434,0.38890034380529,0.857225652085617,0.247909282606997,-0.228909058645513
101.618517737687,0.438347923125548,0.834868498095602,0.211251606695441,-0.257174409485742
101.679603359335,0.433513943884464,0.838896814129839,0.216891249143373,-0.247439312403003
101.743622989524,0.393767892346659,0.85376801415623,0.250359841527825,-0.230822508761776
101.806660768145,0.401522400712565,0.849672559521423,0.241833239255357,-0.241463976952218
101.866733748454,0.407934137067059,0.846987015498598,0.233373775583459,-0.248379252810992
101.931760460718,0.384838458470767,0.85813202319332,0.251534767037811,-0.228371949840948
101.993810828506,0.438112938023551,0.833995696288184,0.209539572380891,-0.261806972925115
102.055850077766,0.434554592193308,0.840810264246102,0.207525414363772,-0.247170758000721
102.116854876266,0.387121170890168,0.860381166312436,0.246868634298153,-0.221053842378751
102.178885572812,0.458825196299586,0.828188207338826,0.198797396289592,-0.252978246950079
102.242966782542,0.416259323537815,0.848329787510011,0.238744863629108,-0.22363867850072
102.305047512465,0.401790955114848,0.850276806926558,0.238711294328823,-0.241967516456498
102.368045093329,0.429351350649085,0.84440217937663,0.207189721360919,-0.244216659575613
102.42908367505,0.398299747885176,0.858601993397315,0.238409170626255,-0.217428357947938
102.494127492742,0.392458689635532,0.860951844417286,0.228707642843801,-0.228841920044943
102.554169255644,0.391518749227544,0.85584931077392,0.232198850073473,-0.245425154385885
102.618200859633,0.406859919457929,0.849706128821708,0.220550302874472,-0.252508276746084
102.680367116696,0.387859695496445,0.857762760890182,0.234682978294586,-0.242269640159066
102.741662279837,0.394036446748942,0.859239810102736,0.233541622084886,-0.227734133135527
102.804496076229,0.424349524906575,0.843092976665503,0.212795794508565,-0.252508276746084
102.866552430917,0.410283988087031,0.849806836722564,0.226827762027824,-0.240792590946512
102.929616722951,0.410049002985033,0.850948192932265,0.226022098820977,-0.238006339022832
102.993603852827,0.406893488758215,0.849840406022849,0.240221912841662,-0.233340206283174
103.055685010385,0.415218675228971,0.846315629492892,0.223806525002146,-0.247338604502147
103.118700124314,0.410351126687601,0.856520696779626,0.220684580075613,-0.221825936285313
103.18081335455,0.425591589017131,0.845006426781765,0.218368298355927,-0.23894627943082
103.242790596633,0.424752356509998,0.844435748676915,0.219173961562774,-0.241732531354501
103.304841819693,0.428344271640526,0.84712129269974,0.208700339873758,-0.23508580989801
103.366895608566,0.412163868903008,0.852425242144818,0.218905407160491,-0.235589349402289
103.428905778598,0.411223928495019,0.85376801415623,0.212426532205427,-0.238308462725399
103.493973971525,0.411761037299584,0.853432321153377,0.211822284800292,-0.239214833833103
103.555990556093,0.415285813829541,0.853163766751095,0.209506003080605,-0.235958611705428
103.619135671275,0.415822922634106,0.855144355467928,0.207290429261775,-0.229748291152646
103.679100032115,0.416561447240383,0.855211494068499,0.207626122264628,-0.227801271736098
103.744132303644,0.418407758756075,0.852828073748242,0.209136740777467,-0.231997434271761
103.806206619031,0.417400679747516,0.851048900833121,0.212090839202574,-0.237569938119123
103.867264016722,0.412163868903008,0.851216747334547,0.213668596315983,-0.244619491179037
103.930286400458,0.41243242330529,0.851250316634832,0.212560809406568,-0.245089461383031
103.994309451733,0.412331715404434,0.851250316634832,0.212493670805998,-0.245223738584173
104.056468438989,0.412264576803864,0.851283885935118,0.212527240106283,-0.245257307884458
104.116354970132,0.412096730302437,0.851451732436544,0.212090839202574,-0.245324446485029
104.180431475869,0.412029591701867,0.85148530173683,0.212225116403715,-0.245223738584173
104.242476712029,0.411928883801011,0.851518871037115,0.212292255004286,-0.245223738584173
104.306508743653,0.411828175900155,0.851586009637685,0.212225116403715,-0.245190169283887
104.367576832237,0.411626760098443,0.851619578937971,0.212325824304571,-0.245223738584173
104.430590235623,0.411492482897302,0.851686717538541,0.212359393604856,-0.245257307884458
104.492685077524,0.411391774996446,0.851720286838827,0.212359393604856,-0.245257307884458
104.55466403015,0.411324636395875,0.851753856139112,0.212392962905142,-0.245257307884458
104.616710549217,0.411257497795305,0.851787425439397,0.212426532205427,-0.245223738584173
104.681807821371,0.411156789894449,0.851854564039968,0.212460101505712,-0.245190169283887
104.743815853225,0.411022512693307,0.851888133340253,0.212493670805998,-0.245190169283887
104.805835003607,0.410955374092737,0.851921702640539,0.212493670805998,-0.245190169283887
104.868901006184,0.410854666191881,0.851988841241109,0.212493670805998,-0.245223738584173
104.930993709906,0.410686819690454,0.85205597984168,0.212460101505712,-0.245223738584173
104.992968386176,0.410619681089884,0.852089549141965,0.212493670805998,-0.245190169283887
105.055023457956,0.410552542489313,0.85212311844225,0.212426532205427,-0.245190169283887
105.11805097332,0.410485403888742,0.852156687742536,0.212460101505712,-0.245190169283887
105.179138305511,0.410418265288172,0.852190257042821,0.212460101505712,-0.245190169283887
105.243130567015,0.410317557387316,0.852257395643392,0.212460101505712,-0.245190169283887
105.305174092632,0.41021684948646,0.852290964943677,0.212493670805998,-0.245223738584173
105.367256960733,0.410149710885889,0.852290964943677,0.212493670805998,-0.245223738584173
105.429274828208,0.410116141585604,0.852324534243962,0.212527240106283,-0.245190169283887
105.494305389193,0.409981864384463,0.852391672844533,0.212493670805998,-0.245190169283887
105.556330954111,0.409948295084178,0.852425242144818,0.212493670805998,-0.245223738584173
105.617379371453,0.409847587183322,0.852425242144818,0.212527240106283,-0.245223738584173
105.679442995947,0.409780448582751,0.852492380745389,0.212460101505712,-0.245257307884458
105.742468800768,0.409746879282466,0.852492380745389,0.212460101505712,-0.245290877184743
105.804566208484,0.409612602081324,0.852559519345959,0.212493670805998,-0.245290877184743
105.866569536345,0.409511894180469,0.852593088646245,0.212426532205427,-0.245290877184743
105.930593442891,0.409444755579898,0.85262665794653,0.212460101505712,-0.245290877184743
105.993532437665,0.409377616979327,0.852660227246815,0.212493670805998,-0.245324446485029
106.055560140761,0.409243339778186,0.852727365847386,0.212426532205427,-0.245358015785314
106.11658289996,0.409176201177615,0.852760935147671,0.212426532205427,-0.245358015785314
106.181718659328,0.409109062577045,0.852794504447957,0.212460101505712,-0.245358015785314
106.241745027345,0.40907549327676,0.852794504447957,0.212460101505712,-0.245358015785314
106.306710587704,0.408974785375904,0.852861643048527,0.212392962905142,-0.245391585085599
106.36876908057,0.408907646775333,0.852861643048527,0.212392962905142,-0.245425154385885
106.431093562843,0.408874077475048,0.852895212348812,0.212392962905142,-0.245425154385885
106.492125730028,0.408840508174762,0.852928781649098,0.212325824304571,-0.245425154385885
106.55416070293,0.408773369574192,0.852962350949383,0.212325824304571,-0.24545872368617
106.618190168741,0.408639092373051,0.853029489549954,0.212258685704001,-0.24545872368617
106.680320932041,0.408605523072765,0.853063058850239,0.212225116403715,-0.245492292986455
106.74330311802,0.408538384472195,0.853063058850239,0.212258685704001,-0.245492292986455
106.804320317956,0.408471245871624,0.853096628150524,0.212258685704001,-0.24545872368617
106.867246911294,0.408404107271053,0.85313019745081,0.21219154710343,-0.24545872368617
106.931296475982,0.408303399370197,0.85319733605138,0.21219154710343,-0.24545872368617
106.993347699042,0.408269830069912,0.853230905351666,0.212157977803145,-0.245492292986455
107.055363428338,0.408202691469342,0.853264474651951,0.212057269902289,-0.245492292986455
107.116416122037,0.408169122169056,0.853264474651951,0.212057269902289,-0.24552586228674
107.181441123758,0.408101983568486,0.853298043952236,0.212057269902289,-0.24552586228674
107.243467543947,0.4080684142682,0.853331613252521,0.211990131301718,-0.245559431587026
107.305616267946,0.408034844967915,0.853331613252521,0.211990131301718,-0.245593000887311
107.366672810366,0.408034844967915,0.853331613252521,0.211990131301718,-0.245593000887311
107.431688831738,0.407967706367344,0.853398751853092,0.211889423400862,-0.245626570187596
107.491729311733,0.407934137067059,0.853398751853092,0.211889423400862,-0.245660139487882
107.556846682766,0.407900567766774,0.853398751853092,0.211889423400862,-0.245693708788167
107.618817937949,0.407866998466488,0.853432321153377,0.211889423400862,-0.245693708788167
107.679856092034,0.407799859865918,0.853465890453663,0.211755146199721,-0.245693708788167
107.743099563427,0.407732721265347,0.853533029054233,0.211755146199721,-0.245693708788167
107.804054756186,0.407699151965062,0.853533029054233,0.211755146199721,-0.245693708788167
107.869097718606,0.407632013364491,0.853566598354519,0.211654438298865,-0.245727278088452
107.93114851403,0.407598444064206,0.853600167654804,0.211654438298865,-0.245727278088452
107.993213421432,0.407531305463635,0.853633736955089,0.211654438298865,-0.245760847388738
108.055213328207,0.40749773616335,0.853667306255375,0.211520161097724,-0.245794416689023
108.119264603438,0.407464166863065,0.853667306255375,0.211486591797438,-0.245794416689023
108.181497144035,0.407430597562779,0.85370087555566,0.211453022497153,-0.245827985989308
108.241522656781,0.407397028262494,0.853734444855945,0.211385883896583,-0.245827985989308
108.306549796681,0.407329889661924,0.853734444855945,0.211352314596297,-0.245861555289594
108.366590276676,0.407296320361638,0.85376801415623,0.211352314596297,-0.245895124589879
108.431720904415,0.407262751061353,0.853801583456516,0.211251606695441,-0.245895124589879
108.493681896342,0.407262751061353,0.853801583456516,0.211251606695441,-0.245928693890164
108.555733547037,0.407195612460782,0.853835152756801,0.211251606695441,-0.245928693890164
108.619036032157,0.407162043160497,0.853868722057086,0.211184468094871,-0.245928693890164
108.679067104166,0.407162043160497,0.853868722057086,0.211184468094871,-0.245962263190449
108.742080507552,0.407128473860212,0.853868722057086,0.211184468094871,-0.245962263190449
108.804185185074,0.407094904559926,0.853902291357372,0.211150898794585,-0.245995832490735
108.868253565733,0.407027765959356,0.853935860657657,0.211050190893729,-0.245995832490735
108.930234228902,0.40699419665907,0.853935860657657,0.211050190893729,-0.245995832490735
108.992248247656,0.406960627358785,0.853969429957942,0.211083760194015,-0.245995832490735
109.054321707772,0.4069270580585,0.854002999258228,0.210983052293159,-0.245995832490735
109.118093309255,0.406859919457929,0.854036568558513,0.210949482992874,-0.24602940179102
109.180921546382,0.406826350157644,0.854036568558513,0.210949482992874,-0.246062971091305
109.243063000574,0.406792780857359,0.854070137858798,0.210882344392303,-0.246062971091305
109.305461891458,0.406792780857359,0.854070137858798,0.210915913692588,-0.246096540391591
109.367446830984,0.406725642256788,0.854070137858798,0.210915913692588,-0.246130109691876
109.431722614958,0.406692072956503,0.854103707159084,0.210815205791732,-0.246163678992161
109.493764002396,0.406658503656217,0.854137276459369,0.210781636491447,-0.246163678992161
109.554673438135,0.406624934355932,0.854137276459369,0.210781636491447,-0.246163678992161
109.617711644392,0.406557795755361,0.854170845759654,0.210748067191162,-0.246197248292447
109.679732077681,0.406490657154791,0.854237984360225,0.210647359290306,-0.246197248292447
109.742843409642,0.406490657154791,0.854237984360225,0.210647359290306,-0.246230817592732
109.804820651725,0.406457087854506,0.85427155366051,0.21054665138945,-0.246230817592732
109.866851775907,0.40642351855422,0.85427155366051,0.21054665138945,-0.246264386893017
109.931929376819,0.40642351855422,0.85427155366051,0.21054665138945,-0.246264386893017
109.992933747684,0.406389949253935,0.854305122960795,0.210479512788879,-0.246264386893017
110.054985398379,0.40635637995365,0.854305122960795,0.210479512788879,-0.246297956193303
110.11904266051,0.406322810653364,0.854305122960795,0.210479512788879,-0.246297956193303
110.181143489311,0.406322810653364,0.854338692261081,0.210479512788879,-0.246331525493588
110.244123537112,0.406289241353079,0.854338692261081,0.210412374188309,-0.246331525493588
110.306185451064,0.406255672052794,0.854372261561366,0.210412374188309,-0.246365094793873
110.368199897453,0.406255672052794,0.854372261561366,0.210412374188309,-0.246398664094158
110.430228883456,0.406222102752508,0.854372261561366,0.210345235587738,-0.246398664094158
110.492431489553,0.406222102752508,0.854372261561366,0.210378804888023,-0.246398664094158
110.556448553928,0.406154964151938,0.854405830861651,0.210345235587738,-0.246432233394444
110.616549330558,0.406154964151938,0.854439400161937,0.210244527686882,-0.246465802694729
110.679586681543,0.406121394851652,0.854439400161937,0.210210958386597,-0.246499371995014
110.741581884325,0.406087825551367,0.854439400161937,0.210210958386597,-0.246499371995014
110.804659860702,0.406054256251082,0.854472969462222,0.210110250485741,-0.2465329412953
110.866763682953,0.406020686950797,0.854506538762507,0.210110250485741,-0.2465329412953
110.929706526448,0.406020686950797,0.854506538762507,0.210076681185456,-0.2465329412953
110.992719502198,0.405987117650511,0.854506538762507,0.210076681185456,-0.246566510595585
