    0.9511   -0.0955    0.2500   -0.6545   -0.0955    0.3090    0.3090
         0   -0.2939   -0.1816   -0.4755    0.2939    0.9511   -0.9511
    0.3090    0.9511   -0.9511    0.5878    0.9511         0         0
   -0.3090   -0.2939   -0.7694    0.4755   -0.2939    0.9511    0.9511
         0   -0.9045    0.5590    0.3455    0.9045   -0.3090    0.3090
    0.9511   -0.3090   -0.3090    0.8090   -0.3090         0         0

Found better maxMin: 8.028283e-01


    0.3090   -0.2939   -0.4755         0   -0.2939    0.9511    0.8090
         0   -0.9045    0.3455         0    0.9045    0.3090    0.5878
    0.9511    0.3090   -0.8090    1.0000    0.3090         0         0
   -0.9511   -0.0955   -0.6545    0.8090   -0.0955    0.3090   -0.5878
         0   -0.2939    0.4755    0.5878    0.2939   -0.9511    0.8090
    0.3090   -0.9511    0.5878         0   -0.9511         0         0

Found better maxMin: 8.618532e-01


p_A =

   -0.8090   -0.3090         0   -0.0000   -0.3090   -1.0000    1.0000
         0   -0.9511         0   -0.0000    0.9511    0.0000   -0.0000
   -0.5878   -0.0000    1.0000   -1.0000   -0.0000         0         0
    0.5878    0.0000    0.8090   -0.8090    0.0000    0.0000    0.0000
         0    0.0000   -0.5878   -0.5878   -0.0000    1.0000    1.0000
   -0.8090   -1.0000         0    0.0000   -1.0000         0         0

Found better maxMin: 7.195704e-01