   -0.2588    0.2985   -0.4045    0.4045    0.2985   -0.8660    0.8660
         0    0.9187    0.2939    0.2939   -0.9187   -0.5000   -0.5000
    0.9659   -0.2588    0.8660   -0.8660   -0.2588         0         0
   -0.9659    0.0800    0.7006   -0.7006    0.0800   -0.5000    0.5000
         0    0.2462   -0.5090   -0.5090   -0.2462    0.8660    0.8660
   -0.2588    0.9659    0.5000   -0.5000    0.9659         0         0
   c: 7.609141e-01

   -0.0000   -0.0000   -0.5721    0.5721   -0.2676    0.7071   -0.7071
         0   -0.0000    0.4156    0.4156    0.8236   -0.7071   -0.7071
   -1.0000   -1.0000   -0.7071    0.7071    0.5000         0         0
    1.0000    0.3090   -0.5721    0.5721   -0.1545   -0.7071    0.7071
         0    0.9511    0.4156    0.4156    0.4755   -0.7071   -0.7071
   -0.0000   -0.0000    0.7071   -0.7071   -0.8660         0         0
   c: 7.726363e-01

         0    0.2676    0.2094   -0.2094   -0.2676   -0.9659    0.9659
         0    0.8236   -0.1521   -0.1521    0.8236    0.2588    0.2588
    1.0000    0.5000    0.9659   -0.9659   -0.5000         0         0
   -1.0000   -0.1545    0.7815   -0.7815    0.1545    0.2588   -0.2588
         0   -0.4755   -0.5678   -0.5678   -0.4755    0.9659    0.9659
         0    0.8660   -0.2588    0.2588   -0.8660         0         0
   c: 8.336358e-01

____

norm(min_w): 6.942365e-01

         0    0.2985    0.7815    0.2094    0.2185   -0.8660   -0.8660
         0    0.9187   -0.5678    0.1521   -0.6725   -0.5000    0.5000
    1.0000   -0.2588   -0.2588    0.9659   -0.7071         0         0
   -1.0000    0.0800   -0.2094    0.7815    0.2185   -0.5000   -0.5000
         0    0.2462    0.1521    0.5678   -0.6725    0.8660   -0.8660
         0    0.9659   -0.9659   -0.2588    0.7071         0         0
norm(min_w): 6.883147e-01

         0    0.2676    0.2094   -0.2094   -0.2676   -0.9659    0.9659
         0    0.8236   -0.1521   -0.1521    0.8236    0.2588    0.2588
    1.0000    0.5000    0.9659   -0.9659   -0.5000         0         0
   -1.0000   -0.1545    0.7815   -0.7815    0.1545    0.2588   -0.2588
         0   -0.4755   -0.5678   -0.5678   -0.4755    0.9659    0.9659
         0    0.8660   -0.2588    0.2588   -0.8660         0         0
norm(min_w): 6.816757e-01

    0.2588   -0.2985   -0.7815   -0.5721   -0.2985    0.9659    0.9659
         0   -0.9187    0.5678   -0.4156    0.9187    0.2588   -0.2588
   -0.9659    0.2588    0.2588   -0.7071    0.2588         0         0
    0.9659   -0.0800    0.2094   -0.5721   -0.0800    0.2588    0.2588
         0   -0.2462   -0.1521   -0.4156    0.2462   -0.9659    0.9659
    0.2588   -0.9659    0.9659    0.7071   -0.9659         0         0
norm(min_w): 6.855018e-01

   -0.0000   -0.2985   -0.7815   -0.5721   -0.2985    0.9659    0.9659
         0   -0.9187    0.5678   -0.4156    0.9187    0.2588   -0.2588
   -1.0000    0.2588    0.2588   -0.7071    0.2588         0         0
    1.0000   -0.0800    0.2094   -0.5721   -0.0800    0.2588    0.2588
         0   -0.2462   -0.1521   -0.4156    0.2462   -0.9659    0.9659
   -0.0000   -0.9659    0.9659    0.7071   -0.9659         0         0
norm(min_w): 6.855018e-01

         0   -0.3090   -0.7006   -0.7006   -0.3090    1.0000    1.0000
         0   -0.9511    0.5090   -0.5090    0.9511   -0.0000   -0.0000
    1.0000   -0.0000   -0.5000    0.5000   -0.0000         0         0
   -1.0000    0.0000   -0.4045    0.4045    0.0000   -0.0000    0.0000
         0    0.0000    0.2939    0.2939   -0.0000   -1.0000    1.0000
         0   -1.0000    0.8660    0.8660   -1.0000         0         0
norm(min_w): 6.855018e-01

    0.5000   -0.2985   -0.5721   -0.7815   -0.2985    0.9659    0.9659
         0   -0.9187    0.4156   -0.5678    0.9187   -0.2588    0.2588
   -0.8660   -0.2588    0.7071   -0.2588   -0.2588         0         0
    0.8660    0.0800    0.5721   -0.2094    0.0800   -0.2588   -0.2588
         0    0.2462   -0.4156   -0.1521   -0.2462   -0.9659    0.9659
    0.5000   -0.9659    0.7071    0.9659   -0.9659         0         0
norm(min_w): 6.621439e-01


   -0.9659   -0.0800    0.2094   -0.5721   -0.0800    0.2588    0.2588
         0   -0.2462   -0.1521   -0.4156    0.2462   -0.9659    0.9659
    0.2588   -0.9659    0.9659    0.7071   -0.9659         0         0
   -0.2588    0.2985    0.7815    0.5721    0.2985   -0.9659   -0.9659
         0    0.9187   -0.5678    0.4156   -0.9187   -0.2588    0.2588
   -0.9659   -0.2588   -0.2588    0.7071   -0.2588         0         0
norm(min_w): 6.854749e-01


   -0.0000   -0.0000   -0.5721    0.5721   -0.2676    0.7071   -0.7071
         0   -0.0000    0.4156    0.4156    0.8236   -0.7071   -0.7071
   -1.0000   -1.0000   -0.7071    0.7071    0.5000         0         0
    1.0000    0.3090   -0.5721    0.5721   -0.1545   -0.7071    0.7071
         0    0.9511    0.4156    0.4156    0.4755   -0.7071   -0.7071
   -0.0000   -0.0000    0.7071   -0.7071   -0.8660         0         0
norm(min_w): 7.726363e-01

   -0.8660    0.0800    0.5721   -0.2094    0.0800   -0.2588   -0.2588
         0    0.2462   -0.4156   -0.1521   -0.2462   -0.9659    0.9659
   -0.5000   -0.9659    0.7071    0.9659   -0.9659         0         0
    0.5000    0.2985    0.5721    0.7815    0.2985   -0.9659   -0.9659
         0    0.9187   -0.4156    0.5678   -0.9187    0.2588   -0.2588
   -0.8660    0.2588   -0.7071    0.2588    0.2588         0         0
norm(min_w): 6.796850e-01

