12.18,	0.00,	nan
12.18,	3.07,	0.10
12.09,	116.58,	0.14
12.08,	205.55,	0.17
12.05,	309.86,	0.21
12.04,	408.04,	0.24
12.01,	478.60,	0.27
12.02,	558.37,	0.30
11.98,	619.73,	0.33
11.98,	641.20,	0.35
11.98,	711.77,	0.38
11.96,	819.15,	0.40
11.93,	837.55,	0.42
11.95,	917.32,	0.45
11.92,	944.93,	0.47
11.92,	1000.16,	0.48
11.92,	1113.67,	0.50
11.93,	1104.47,	0.52
11.91,	1147.42,	0.53
11.93,	1227.18,	0.55
11.92,	1196.51,	0.56
11.88,	1217.98,	0.57
11.89,	1257.86,	0.59
11.91,	1294.68,	0.60
11.91,	1349.90,	0.61
11.89,	1377.51,	0.62
11.92,	1368.31,	0.63
11.89,	1411.26,	0.64
11.90,	1426.60,	0.65
11.88,	1481.83,	0.65
11.87,	1438.87,	0.66
11.86,	1518.64,	0.67
11.88,	1515.57,	0.67
11.89,	1518.64,	0.68
11.82,	1543.18,	0.69
11.85,	1524.78,	0.69
11.84,	1518.64,	0.70
11.89,	1604.54,	0.71
11.93,	1580.00,	0.71
11.84,	1589.20,	0.71
11.89,	1629.09,	0.72
11.87,	1610.68,	0.72
11.88,	1629.09,	0.72
11.83,	1641.36,	0.73
11.88,	1656.70,	0.73
11.88,	1668.97,	0.73
11.86,	1690.45,	0.74
11.84,	1696.58,	0.74
11.85,	1702.72,	0.74
11.84,	1711.92,	0.75
11.86,	1718.06,	0.75
11.86,	1711.92,	0.75
11.83,	1675.11,	0.75
11.85,	1696.58,	0.75
11.86,	1714.99,	0.75
11.86,	1730.33,	0.76
11.87,	1702.72,	0.76
11.85,	1721.13,	0.76
11.86,	1748.74,	0.76
11.86,	1745.67,	0.76
11.82,	1730.33,	0.77
11.83,	1714.99,	0.77
11.85,	1693.51,	0.76
11.79,	1733.40,	0.76
11.79,	1754.87,	0.76
11.78,	1751.81,	0.77
11.82,	1739.53,	0.77
11.90,	1727.26,	0.77
11.84,	1761.01,	0.77
11.84,	1739.53,	0.77
11.83,	1779.42,	0.77
11.84,	1761.01,	0.78
11.83,	1730.33,	0.78
11.81,	1730.33,	0.77
11.80,	1736.47,	0.77
11.74,	1776.35,	0.77
11.81,	1788.62,	0.78
11.85,	1776.35,	0.78
11.89,	1751.81,	0.78
11.85,	1782.49,	0.78
11.85,	1767.15,	0.78
11.84,	1730.33,	0.78
11.77,	1761.01,	0.77
11.76,	1736.47,	0.77
11.78,	1791.69,	0.78
11.86,	1764.08,	0.78
11.88,	1748.74,	0.78
11.82,	1785.55,	0.78
11.80,	1779.42,	0.78
11.84,	1791.69,	0.78
11.82,	1757.94,	0.78
11.80,	1745.67,	0.77
11.74,	1794.76,	0.78
11.81,	1767.15,	0.78
11.90,	1754.87,	0.78
11.80,	1767.15,	0.78
11.86,	1791.69,	0.78
11.82,	1776.35,	0.78
11.82,	1739.53,	0.78
11.78,	1773.28,	0.78
11.73,	1764.08,	0.78
11.83,	1803.96,	0.78
11.83,	1773.28,	0.78
11.86,	1770.21,	0.78
11.83,	1788.62,	0.78
11.79,	1764.08,	0.79
11.79,	1745.67,	0.78
11.76,	1751.81,	0.78
11.79,	1803.96,	0.78
11.84,	1773.28,	0.78
11.87,	1754.87,	0.78
11.85,	1782.49,	0.78
11.81,	1791.69,	0.78
11.80,	1782.49,	0.78
11.82,	1739.53,	0.78
11.74,	1773.28,	0.78
11.75,	1779.42,	0.78
11.80,	1773.28,	0.78
11.83,	1788.62,	0.78
11.84,	1773.28,	0.78
11.82,	1794.76,	0.79
11.79,	1767.15,	0.79
11.79,	1751.81,	0.78
11.75,	1754.87,	0.78
11.80,	1800.89,	0.78
11.82,	1773.28,	0.78
11.88,	1761.01,	0.78
11.82,	1767.15,	0.78
11.82,	1791.69,	0.79
11.81,	1770.21,	0.78
11.82,	1751.81,	0.78
11.76,	1800.89,	0.78
11.75,	1776.35,	0.78
11.86,	1757.94,	0.78
11.82,	1785.55,	0.78
11.78,	1794.76,	0.79
11.82,	1779.42,	0.79
11.81,	1739.53,	0.78
11.75,	1776.35,	0.78
11.74,	1785.55,	0.78
11.80,	1803.96,	0.78
11.82,	1773.28,	0.79
11.81,	1797.83,	0.79
11.77,	1791.69,	0.79
11.83,	1748.74,	0.78
11.76,	1779.42,	0.78
11.75,	1773.28,	0.78
11.78,	1810.10,	0.79
11.83,	1776.35,	0.79
11.81,	1791.69,	0.78
11.79,	1776.35,	0.78
11.82,	1794.76,	0.79
11.76,	1764.08,	0.79
11.76,	1764.08,	0.78
11.71,	1754.87,	0.78
11.81,	1807.03,	0.79
11.77,	1779.42,	0.79
11.85,	1773.28,	0.79
11.80,	1797.83,	0.79
11.81,	1767.15,	0.79
11.75,	1761.01,	0.78
11.73,	1754.87,	0.78
11.77,	1803.96,	0.79
11.82,	1779.42,	0.79
11.84,	1773.28,	0.78
11.81,	1770.21,	0.79
11.81,	1797.83,	0.79
11.76,	1770.21,	0.78
11.78,	1745.67,	0.78
11.72,	1751.81,	0.79
11.79,	1816.23,	0.78
11.82,	1779.42,	0.79
11.86,	1770.21,	0.79
11.81,	1803.96,	0.79
11.74,	1767.15,	0.79
11.76,	1754.87,	0.78
11.72,	1757.94,	0.78
11.76,	1810.10,	0.79
11.77,	1779.42,	0.79
11.84,	1782.49,	0.78
11.80,	1770.21,	0.79
11.79,	1803.96,	0.79
11.78,	1767.15,	0.78
11.77,	1748.74,	0.78
11.73,	1810.10,	0.78
11.78,	1773.28,	0.79
11.78,	1782.49,	0.79
11.80,	1767.15,	0.79
11.77,	1800.89,	0.79
11.77,	1767.15,	0.79
11.75,	1757.94,	0.78
11.70,	1757.94,	0.78
11.78,	1813.17,	0.79
11.78,	1779.42,	0.79
11.80,	1785.55,	0.79
11.79,	1776.35,	0.79
11.81,	1800.89,	0.79
11.76,	1773.28,	0.78
11.72,	1767.15,	0.78
11.72,	1810.10,	0.78
11.71,	1779.42,	0.79
11.78,	1797.83,	0.79
11.79,	1791.69,	0.79
11.78,	1800.89,	0.79
11.77,	1761.01,	0.79
11.73,	1779.42,	0.79
11.69,	1770.21,	0.78
11.79,	1810.10,	0.79
11.82,	1779.42,	0.79
11.76,	1800.89,	0.79
11.77,	1791.69,	0.79
11.80,	1797.83,	0.79
11.75,	1770.21,	0.79
11.70,	1803.96,	0.79
11.70,	1794.76,	0.79
11.82,	1773.28,	0.79
11.75,	1794.76,	0.79
11.75,	1803.96,	0.79
11.79,	1788.62,	0.79
11.76,	1745.67,	0.79
11.73,	1770.21,	0.79
11.70,	1813.17,	0.78
11.77,	1788.62,	0.79
11.82,	1761.01,	0.78
11.79,	1782.49,	0.79
11.74,	1856.12,	0.79
11.77,	1776.35,	0.78
11.78,	1754.87,	0.78
11.70,	1807.03,	0.79
11.73,	1782.49,	0.79
11.83,	1764.08,	0.79
11.78,	1770.21,	0.79
11.75,	1800.89,	0.79
11.75,	1770.21,	0.79
11.76,	1748.74,	0.78
11.69,	1754.87,	0.79
11.76,	1807.03,	0.79
11.78,	1779.42,	0.79
11.81,	1770.21,	0.79
11.79,	1773.28,	0.79
11.79,	1794.76,	0.79
11.72,	1770.21,	0.79
11.74,	1761.01,	0.78
11.78,	1816.23,	0.79
11.76,	1779.42,	0.79
11.77,	1797.83,	0.79
11.76,	1788.62,	0.79
11.78,	1803.96,	0.79
11.75,	1754.87,	0.79
11.68,	1785.55,	0.79
11.69,	1791.69,	0.79
11.78,	1803.96,	0.79
11.76,	1779.42,	0.79
11.76,	1800.89,	0.79
11.75,	1797.83,	0.79
11.78,	1739.53,	0.79
11.75,	1770.21,	0.79
11.72,	1816.23,	0.79
11.78,	1782.49,	0.79
11.82,	1757.94,	0.79
11.78,	1779.42,	0.79
11.77,	1803.96,	0.79
11.72,	1770.21,	0.79
11.75,	1745.67,	0.79
11.70,	1761.01,	0.79
11.75,	1803.96,	0.79
11.76,	1782.49,	0.79
11.80,	1773.28,	0.79
11.78,	1770.21,	0.79
11.78,	1794.76,	0.79
11.71,	1767.15,	0.79
11.72,	1761.01,	0.78
11.75,	1810.10,	0.79
11.77,	1782.49,	0.79
11.76,	1794.76,	0.79
11.76,	1785.55,	0.79
11.75,	1803.96,	0.79
11.75,	1761.01,	0.79
11.71,	1785.55,	0.79
11.65,	1782.49,	0.79
11.76,	1807.03,	0.79
11.78,	1782.49,	0.79
11.73,	1797.83,	0.79
11.72,	1800.89,	0.79
11.74,	1794.76,	0.79
11.73,	1767.15,	0.79
11.72,	1813.17,	0.79
11.77,	1782.49,	0.79
11.80,	1761.01,	0.79
11.76,	1779.42,	0.79
11.77,	1800.89,	0.79
11.70,	1773.28,	0.80
11.74,	1748.74,	0.79
11.70,	1757.94,	0.79
11.74,	1807.03,	0.79
11.75,	1785.55,	0.79
11.80,	1779.42,	0.79
11.76,	1776.35,	0.79
11.75,	1803.96,	0.80
11.72,	1733.40,	0.79
11.70,	1782.49,	0.79
11.66,	1803.96,	0.79
11.76,	1782.49,	0.79
11.75,	1800.89,	0.79
11.70,	1800.89,	0.79
11.77,	1788.62,	0.79
11.75,	1751.81,	0.79
11.71,	1773.28,	0.79
11.68,	1819.30,	0.79
11.77,	1791.69,	0.79
11.81,	1761.01,	0.79
11.72,	1779.42,	0.80
11.75,	1807.03,	0.79
11.73,	1776.35,	0.79
11.73,	1748.74,	0.79
11.67,	1810.10,	0.79
11.73,	1782.49,	0.79
11.75,	1828.51,	0.79
11.73,	1788.62,	0.79
11.77,	1800.89,	0.79
11.73,	1757.94,	0.79
11.65,	1791.69,	0.79
11.67,	1791.69,	0.79
11.76,	1800.89,	0.79
11.77,	1773.28,	0.79
11.74,	1794.76,	0.80
11.72,	1807.03,	0.80
11.75,	1779.42,	0.79
11.75,	1751.81,	0.79
11.68,	1794.76,	0.79
11.71,	1788.62,	0.79
11.75,	1788.62,	0.79
11.81,	1779.42,	0.79
11.75,	1807.03,	0.80
11.70,	1770.21,	0.80
11.68,	1785.55,	0.79
11.66,	1782.49,	0.79
11.74,	1807.03,	0.79
11.79,	1785.55,	0.79
11.75,	1853.05,	0.80
11.68,	1803.96,	0.79
11.73,	1782.49,	0.80
11.74,	1748.74,	0.79
11.71,	1770.21,	0.79
11.72,	1816.23,	0.79
11.73,	1773.28,	0.79
11.80,	1776.35,	0.79
11.76,	1810.10,	0.79
11.71,	1773.28,	0.79
11.65,	1779.42,	0.79
11.66,	1776.35,	0.79
11.74,	1819.30,	0.79
11.76,	1788.62,	0.79
11.73,	1803.96,	0.79
11.73,	1807.03,	0.79
11.73,	1794.76,	0.80
11.73,	1751.81,	0.79
11.68,	1770.21,	0.79
11.71,	1816.23,	0.79
11.75,	1782.49,	0.79
11.80,	1776.35,	0.79
11.74,	1803.96,	0.79
11.72,	1770.21,	0.80
11.71,	1785.55,	0.79
11.69,	1785.55,	0.79
11.75,	1810.10,	0.79
11.75,	1782.49,	0.79
11.71,	1803.96,	0.80
11.70,	1810.10,	0.80
11.72,	1785.55,	0.80
11.72,	1754.87,	0.79
11.66,	1767.15,	0.79
11.71,	1822.37,	0.80
11.73,	1788.62,	0.80
11.72,	1810.10,	0.80
11.71,	1803.96,	0.80
11.75,	1794.76,	0.79
11.74,	1751.81,	0.79
11.70,	1816.23,	0.79
11.71,	1788.62,	0.79
11.74,	1791.69,	0.79
11.77,	1797.83,	0.79
11.72,	1807.03,	0.80
11.71,	1757.94,	0.80
11.68,	1785.55,	0.79
11.68,	1819.30,	0.79
11.75,	1791.69,	0.79
11.79,	1773.28,	0.79
11.72,	1785.55,	0.80
11.73,	1807.03,	0.80
11.70,	1779.42,	0.79
11.68,	1782.49,	0.79
11.66,	1782.49,	0.79
11.72,	1813.17,	0.79
11.72,	1782.49,	0.80
11.71,	1810.10,	0.80
11.69,	1785.55,	0.80
11.69,	1757.94,	0.79
11.65,	1770.21,	0.79
11.72,	1825.44,	0.79
11.75,	1791.69,	0.80
11.73,	1810.10,	0.80
11.70,	1813.17,	0.80
11.72,	1794.76,	0.80
11.72,	1754.87,	0.79
11.66,	1767.15,	0.79
11.70,	1822.37,	0.80
11.73,	1788.62,	0.80
11.71,	1807.03,	0.80
11.69,	1810.10,	0.80
11.73,	1813.17,	0.79
11.72,	1770.21,	0.79
11.67,	1816.23,	0.79
11.71,	1794.76,	0.80
11.74,	1807.03,	0.80
11.71,	1803.96,	0.80
11.74,	1803.96,	0.80
11.72,	1754.87,	0.79
11.69,	1776.35,	0.79
11.70,	1822.37,	0.79
11.72,	1794.76,	0.80
11.75,	1794.76,	0.79
11.73,	1788.62,	0.80
11.70,	1813.17,	0.80
11.67,	1761.01,	0.80
11.66,	1788.62,	0.79
11.67,	1825.44,	0.80
11.73,	1791.69,	0.79
11.78,	1788.62,	0.80
11.72,	1810.10,	0.80
11.69,	1773.28,	0.80
11.67,	1797.83,	0.80
11.63,	1810.10,	0.79
11.72,	1797.83,	0.80
11.76,	1779.42,	0.79
11.72,	1785.55,	0.80
11.73,	1816.23,	0.80
11.70,	1782.49,	0.80
11.67,	1788.62,	0.79
11.63,	1788.62,	0.80
11.71,	1813.17,	0.80
11.74,	1779.42,	0.80
11.72,	1813.17,	0.80
11.71,	1810.10,	0.80
11.70,	1785.55,	0.79
11.68,	1773.28,	0.79
11.64,	1813.17,	0.80
11.73,	1788.62,	0.80
11.74,	1807.03,	0.80
11.72,	1810.10,	0.80
11.71,	1782.49,	0.80
11.70,	1757.94,	0.79
11.65,	1770.21,	0.79
11.68,	1819.30,	0.80
11.71,	1791.69,	0.80
11.68,	1810.10,	0.80
11.67,	1803.96,	0.80
11.69,	1797.83,	0.80
11.68,	1757.94,	0.80
11.63,	1770.21,	0.80
11.67,	1828.51,	0.80
11.75,	1791.69,	0.80
11.69,	1816.23,	0.80
11.69,	1819.30,	0.80
11.71,	1794.76,	0.79
11.69,	1776.35,	0.79
11.64,	1822.37,	0.80
11.69,	1791.69,	0.80
11.72,	1810.10,	0.80
11.68,	1810.10,	0.80
11.68,	1791.69,	0.80
11.67,	1764.08,	0.80
11.62,	1779.42,	0.80
11.67,	1831.57,	0.80
11.69,	1791.69,	0.80
11.71,	1807.03,	0.80
11.69,	1816.23,	0.80
11.67,	1788.62,	0.80
11.65,	1788.62,	0.80
11.59,	1794.76,	0.80
11.72,	1810.10,	0.80
11.75,	1779.42,	0.80
11.72,	1788.62,	0.80
11.71,	1816.23,	0.80
11.68,	1794.76,	0.80
11.65,	1813.17,	0.79
11.65,	1800.89,	0.80
11.72,	1776.35,	0.79
11.71,	1788.62,	0.80
11.72,	1819.30,	0.80
11.68,	1773.28,	0.80
11.66,	1791.69,	0.80
11.64,	1868.39,	0.80
11.72,	1797.83,	0.80
11.77,	1773.28,	0.80
11.70,	1782.49,	0.80
11.69,	1813.17,	0.80
11.65,	1773.28,	0.80
11.60,	1794.76,	0.80
11.59,	1819.30,	0.80
11.68,	1797.83,	0.80
11.75,	1779.42,	0.80
11.70,	1785.55,	0.80
11.68,	1816.23,	0.81
11.61,	1794.76,	0.80
11.64,	1822.37,	0.80
11.62,	1794.76,	0.80
11.70,	1782.49,	0.80
11.71,	1785.55,	0.80
11.71,	1816.23,	0.80
11.68,	1773.28,	0.80
11.65,	1791.69,	0.80
11.63,	1822.37,	0.80
11.70,	1797.83,	0.80
11.74,	1788.62,	0.80
11.69,	1788.62,	0.80
11.69,	1810.10,	0.80
11.66,	1764.08,	0.80
11.63,	1791.69,	0.80
11.62,	1822.37,	0.80
11.67,	1794.76,	0.80
11.74,	1797.83,	0.80
11.69,	1803.96,	0.80
11.71,	1816.23,	0.80
11.69,	1779.42,	0.80
11.65,	1825.44,	0.80
11.67,	1797.83,	0.80
11.70,	1810.10,	0.80
11.68,	1800.89,	0.80
11.69,	1810.10,	0.80
11.68,	1757.94,	0.80
11.64,	1776.35,	0.80
11.68,	1822.37,	0.80
11.71,	1794.76,	0.80
11.68,	1816.23,	0.80
11.68,	1819.30,	0.80
11.69,	1797.83,	0.80
11.68,	1764.08,	0.80
11.63,	1776.35,	0.79
11.69,	1828.51,	0.80
11.72,	1794.76,	0.80
11.68,	1813.17,	0.80
11.66,	1816.23,	0.80
11.65,	1788.62,	0.80
11.64,	1791.69,	0.80
11.62,	1828.51,	0.80
11.69,	1791.69,	0.80
11.73,	1794.76,	0.80
11.69,	1813.17,	0.81
11.65,	1782.49,	0.80
11.63,	1800.89,	0.80
11.61,	1825.44,	0.80
11.71,	1807.03,	0.80
11.74,	1785.55,	0.80
11.68,	1797.83,	0.80
