11.75,	1819.30
11.93,	0.00
11.88,	12.27
11.83,	104.31
11.81,	187.15
11.79,	273.05
11.77,	358.95
11.75,	420.31
11.74,	506.21
11.72,	582.91
11.69,	656.54
11.68,	702.56
11.65,	727.11
11.65,	797.67
11.63,	868.23
11.61,	923.46
11.58,	978.68
11.63,	963.34
11.61,	1015.50
11.64,	1098.33
11.61,	1095.26
11.59,	1153.55
11.61,	1230.25
11.60,	1233.32
11.58,	1224.12
11.57,	1288.54
11.58,	1319.22
11.51,	1291.61
11.57,	1346.84
11.56,	1377.51
11.57,	1438.87
11.56,	1420.47
11.55,	1417.40
11.58,	1463.42
11.52,	1487.96
11.54,	1530.91
11.58,	1512.51
11.50,	1521.71
11.55,	1546.25
11.55,	1570.80
11.49,	1543.18
11.53,	1576.93
11.52,	1583.07
11.56,	1598.41
11.53,	1644.43
11.47,	1610.68
11.53,	1626.02
11.53,	1644.43
11.52,	1641.36
11.47,	1650.56
11.47,	1653.63
11.47,	1662.84
11.52,	1702.72
11.57,	1672.04
11.51,	1687.38
11.48,	1724.19
11.46,	1675.11
11.47,	1672.04
11.46,	1690.45
11.46,	1714.99
11.48,	1733.40
11.57,	1693.51
11.52,	1718.06
11.51,	1736.47
11.47,	1751.81
11.44,	1708.85
11.48,	1714.99
11.48,	1721.13
11.50,	1745.67
11.50,	1761.01
11.48,	1761.01
11.51,	1727.26
11.49,	1757.94
11.50,	1757.94
11.50,	1733.40
11.50,	1788.62
11.48,	1779.42
11.44,	1773.28
11.43,	1733.40
11.44,	1739.53
11.47,	1757.94
11.44,	1739.53
11.46,	1757.94
11.50,	1773.28
11.50,	1785.55
11.49,	1785.55
11.43,	1782.49
11.50,	1773.28
11.54,	1748.74
11.53,	1751.81
11.51,	1767.15
11.48,	1764.08
11.47,	1770.21
11.48,	1770.21
11.40,	1788.62
11.41,	1764.08
11.40,	1751.81
11.42,	1751.81
11.44,	1761.01
11.43,	1773.28
11.41,	1773.28
11.46,	1751.81
11.45,	1779.42
11.47,	1779.42
11.47,	1788.62
11.49,	1788.62
11.45,	1797.83
11.49,	1791.69
11.47,	1794.76
11.46,	1797.83
11.46,	1794.76
11.47,	1788.62
11.50,	1776.35
11.52,	1761.01
11.52,	1757.94
11.45,	1764.08
11.47,	1813.17
11.45,	1810.10
11.44,	1807.03
11.46,	1807.03
11.40,	1810.10
11.40,	1803.96
11.40,	1791.69
11.39,	1776.35
11.43,	1751.81
11.45,	1742.60
11.44,	1742.60
11.45,	1739.53
11.43,	1745.67
11.45,	1751.81
11.45,	1803.96
11.45,	1800.89
11.46,	1803.96
11.42,	1794.76
11.43,	1794.76
11.42,	1803.96
11.43,	1797.83
11.48,	1785.55
11.51,	1770.21
11.48,	1761.01
11.49,	1761.01
11.49,	1767.15
11.43,	1779.42
11.44,	1779.42
11.43,	1807.03
11.40,	1810.10
11.42,	1810.10
11.40,	1807.03
11.34,	1791.69
11.38,	1782.49
11.40,	1761.01
11.42,	1751.81
11.43,	1742.60
11.43,	1742.60
11.45,	1742.60
11.40,	1745.67
11.42,	1754.87
11.46,	1761.01
11.42,	1794.76
11.44,	1797.83
11.41,	1803.96
11.39,	1797.83
11.42,	1791.69
11.43,	1785.55
11.48,	1776.35
11.50,	1764.08
11.48,	1761.01
11.44,	1767.15
11.45,	1779.42
11.44,	1782.49
11.41,	1782.49
11.42,	1813.17
11.39,	1810.10
11.40,	1816.23
11.38,	1813.17
11.33,	1803.96
11.34,	1791.69
11.37,	1767.15
11.39,	1757.94
11.39,	1748.74
11.42,	1742.60
11.42,	1742.60
11.40,	1745.67
11.42,	1748.74
11.43,	1754.87
11.36,	1803.96
11.43,	1800.89
11.42,	1800.89
11.41,	1797.83
11.37,	1807.03
11.39,	1800.89
11.38,	1800.89
11.42,	1794.76
11.44,	1797.83
11.46,	1788.62
11.46,	1770.21
11.48,	1767.15
11.44,	1764.08
11.42,	1764.08
11.40,	1803.96
11.42,	1813.17
11.41,	1819.30
11.38,	1816.23
11.40,	1807.03
11.41,	1810.10
11.37,	1810.10
11.37,	1773.28
11.33,	1779.42
11.34,	1785.55
11.33,	1785.55
11.34,	1782.49
11.40,	1773.28
11.39,	1788.62
11.38,	1782.49
11.40,	1782.49
11.41,	1785.55
11.41,	1788.62
11.39,	1794.76
11.40,	1794.76
11.40,	1797.83
11.41,	1776.35
11.43,	1776.35
11.40,	1779.42
11.40,	1779.42
11.45,	1785.55
11.43,	1791.69
11.53,	1782.49
11.40,	1785.55
11.42,	1788.62
11.39,	1788.62
11.41,	1785.55
11.39,	1788.62
11.40,	1791.69
11.39,	1816.23
11.33,	1819.30
11.33,	1813.17
11.34,	1810.10
11.33,	1803.96
11.33,	1785.55
11.33,	1773.28
11.36,	1767.15
11.38,	1757.94
11.38,	1751.81
11.40,	1748.74
11.37,	1751.81
11.40,	1742.60
11.39,	1794.76
11.40,	1800.89
11.41,	1803.96
11.40,	1803.96
11.38,	1807.03
11.38,	1807.03
11.40,	1810.10
11.41,	1785.55
11.39,	1788.62
11.37,	1797.83
11.39,	1803.96
11.39,	1803.96
11.40,	1800.89
11.39,	1803.96
11.36,	1791.69
11.39,	1788.62
11.40,	1785.55
11.40,	1788.62
11.40,	1788.62
11.30,	1782.49
11.29,	1803.96
11.32,	1791.69
11.28,	1788.62
11.30,	1776.35
11.32,	1767.15
11.36,	1767.15
11.37,	1761.01
11.38,	1748.74
11.36,	1748.74
11.38,	1748.74
11.39,	1751.81
11.38,	1754.87
11.37,	1751.81
11.38,	1745.67
11.40,	1807.03
11.35,	1803.96
11.38,	1797.83
11.39,	1803.96
11.36,	1810.10
11.38,	1810.10
11.35,	1797.83
11.36,	1803.96
11.38,	1807.03
11.38,	1807.03
11.38,	1803.96
11.39,	1810.10
11.39,	1810.10
11.33,	1788.62
11.35,	1788.62
11.37,	1791.69
11.38,	1794.76
11.39,	1791.69
11.35,	1785.55
11.32,	1825.44
11.29,	1807.03
11.27,	1810.10
11.29,	1800.89
11.30,	1794.76
11.29,	1794.76
11.28,	1785.55
11.31,	1779.42
11.31,	1770.21
11.33,	1764.08
11.34,	1764.08
11.34,	1754.87
11.36,	1702.72
11.37,	1782.49
11.35,	1785.55
11.34,	1794.76
11.36,	1794.76
11.37,	1794.76
11.37,	1797.83
11.36,	1800.89
11.36,	1797.83
11.36,	1791.69
11.36,	1791.69
11.37,	1782.49
11.36,	1788.62
11.41,	1785.55
11.43,	1773.28
11.44,	1773.28
11.40,	1767.15
11.41,	1767.15
11.41,	1773.28
11.38,	1773.28
11.36,	1773.28
11.33,	1813.17
11.32,	1822.37
11.35,	1816.23
11.35,	1819.30
11.36,	1819.30
11.31,	1816.23
11.30,	1773.28
11.32,	1767.15
11.29,	1767.15
11.30,	1776.35
11.31,	1773.28
11.34,	1773.28
11.32,	1779.42
11.33,	1761.01
11.33,	1761.01
11.34,	1764.08
11.35,	1773.28
11.34,	1773.28
11.38,	1770.21
11.36,	1807.03
11.34,	1807.03
11.35,	1813.17
11.36,	1810.10
11.36,	1803.96
11.36,	1810.10
11.36,	1810.10
11.35,	1803.96
11.34,	1803.96
11.30,	1810.10
11.31,	1810.10
11.33,	1810.10
11.36,	1810.10
11.36,	1785.55
11.36,	1788.62
11.32,	1791.69
11.32,	1788.62
11.33,	1794.76
11.31,	1791.69
11.32,	1791.69
11.32,	1822.37
11.32,	1822.37
11.33,	1819.30
11.31,	1819.30
11.33,	1822.37
11.31,	1816.23
11.30,	1791.69
11.27,	1788.62
11.26,	1791.69
11.27,	1788.62
11.27,	1791.69
11.33,	1788.62
11.29,	1785.55
11.29,	1782.49
11.29,	1779.42
11.31,	1779.42
11.31,	1782.49
11.32,	1782.49
11.35,	1782.49
11.35,	1813.17
11.35,	1807.03
11.34,	1807.03
11.33,	1810.10
11.32,	1810.10
11.33,	1810.10
11.30,	1810.10
11.31,	1807.03
11.32,	1810.10
11.33,	1810.10
11.33,	1807.03
11.33,	1807.03
11.36,	1803.96
11.30,	1797.83
11.30,	1794.76
11.30,	1788.62
11.31,	1791.69
11.31,	1794.76
11.30,	1797.83
11.30,	1822.37
11.30,	1822.37
11.30,	1825.44
11.30,	1822.37
11.30,	1822.37
11.29,	1828.51
11.28,	1785.55
11.29,	1779.42
11.29,	1776.35
11.29,	1779.42
11.29,	1779.42
11.33,	1779.42
11.31,	1779.42
11.30,	1757.94
11.30,	1761.01
11.30,	1761.01
11.31,	1764.08
11.32,	1767.15
11.34,	1767.15
11.35,	1807.03
11.35,	1813.17
11.36,	1813.17
11.36,	1810.10
11.34,	1813.17
11.34,	1813.17
11.32,	1794.76
11.32,	1794.76
11.32,	1791.69
11.33,	1794.76
11.33,	1803.96
11.34,	1797.83
11.31,	1797.83
11.31,	1785.55
11.32,	1788.62
11.32,	1788.62
11.33,	1797.83
11.30,	1794.76
11.31,	1825.44
11.30,	1834.64
11.31,	1825.44
11.30,	1822.37
11.30,	1825.44
11.24,	1828.51
11.25,	1819.30
11.24,	1773.28
11.23,	1773.28
11.22,	1770.21
11.22,	1773.28
11.27,	1776.35
11.28,	1764.08
11.36,	1764.08
11.28,	1776.35
11.29,	1776.35
11.28,	1773.28
11.28,	1779.42
11.30,	1779.42
11.30,	1788.62
11.31,	1782.49
11.30,	1782.49
11.30,	1782.49
11.30,	1785.55
11.33,	1785.55
11.32,	1819.30
11.33,	1816.23
11.31,	1813.17
11.30,	1810.10
11.30,	1810.10
11.32,	1819.30
11.32,	1803.96
11.33,	1791.69
11.33,	1788.62
11.32,	1794.76
11.32,	1785.55
11.32,	1788.62
11.36,	1788.62
11.36,	1776.35
11.36,	1773.28
11.36,	1773.28
11.36,	1779.42
11.34,	1779.42
11.29,	1779.42
11.33,	1779.42
11.32,	1800.89
11.32,	1797.83
11.33,	1791.69
11.32,	1797.83
11.25,	1800.89
11.27,	1819.30
11.25,	1831.57
11.23,	1831.57
11.23,	1825.44
11.28,	1822.37
11.29,	1828.51
11.28,	1825.44
11.28,	1782.49
11.29,	1776.35
11.28,	1782.49
11.28,	1782.49
11.27,	1785.55
11.32,	1782.49
11.25,	1757.94
11.27,	1761.01
11.31,	1764.08
11.31,	1761.01
11.30,	1761.01
11.32,	1764.08
11.32,	1813.17
11.32,	1810.10
11.32,	1810.10
11.33,	1810.10
11.33,	1807.03
11.32,	1807.03
11.31,	1800.89
11.32,	1797.83
11.31,	1797.83
11.31,	1797.83
11.31,	1797.83
11.35,	1794.76
11.35,	1810.10
11.35,	1797.83
11.35,	1797.83
11.35,	1794.76
11.34,	1797.83
11.32,	1800.89
11.31,	1800.89
11.30,	1797.83
11.32,	1794.76
11.32,	1794.76
11.31,	1797.83
11.30,	1797.83
11.31,	1825.44
11.30,	1822.37
11.31,	1822.37
11.30,	1822.37
11.31,	1819.30
11.27,	1822.37
11.27,	1776.35
11.26,	1773.28
11.27,	1779.42
11.26,	1773.28
11.32,	1776.35
11.31,	1776.35
11.31,	1761.01
11.29,	1761.01
11.30,	1757.94
11.29,	1761.01
11.31,	1761.01
11.32,	1757.94
11.31,	1807.03
11.31,	1797.83
11.32,	1800.89
11.29,	1797.83
11.30,	1797.83
11.28,	1800.89
11.29,	1816.23
11.29,	1819.30
11.28,	1816.23
11.29,	1819.30
11.29,	1816.23
11.30,	1816.23
11.29,	1816.23
11.29,	1813.17
11.28,	1810.10
11.29,	1807.03
11.31,	1803.96
11.32,	1800.89
11.32,	1785.55
11.31,	1782.49
11.34,	1782.49
11.36,	1785.55
11.37,	1779.42
11.31,	1785.55
11.32,	1800.89
11.30,	1803.96
11.29,	1807.03
11.28,	1800.89
11.30,	1800.89
11.26,	1803.96
11.28,	1825.44
11.28,	1822.37
11.29,	1822.37
11.28,	1825.44
11.28,	1825.44
11.24,	1825.44
11.25,	1776.35
11.23,	1767.15
11.23,	1776.35
11.22,	1773.28
11.21,	1776.35
11.22,	1782.49
11.25,	1779.42
11.24,	1788.62
11.24,	1791.69
11.23,	1797.83
11.23,	1797.83
11.26,	1803.96
11.24,	1797.83
11.27,	1776.35
11.28,	1767.15
11.28,	1767.15
11.29,	1807.03
11.29,	1764.08
11.31,	1748.74
11.29,	1807.03
11.28,	1807.03
11.27,	1800.89
11.30,	1797.83
11.28,	1797.83
11.29,	1819.30
11.30,	1767.15
11.29,	1822.37
11.28,	1822.37
11.25,	1825.44
11.30,	1828.51
11.31,	1813.17
11.30,	1797.83
