teensy ready
12.40,	0.00
12.36,	21.48
12.32,	107.38
12.29,	193.28
12.28,	303.73
12.23,	368.16
12.20,	441.79
12.15,	524.62
12.15,	543.03
12.16,	616.66
12.14,	711.77
12.15,	763.92
12.12,	868.23
12.13,	831.42
12.10,	880.51
12.09,	987.88
12.11,	1058.45
12.12,	1073.79
12.08,	1110.60
12.06,	1119.81
12.03,	1184.23
12.07,	1208.78
12.05,	1264.00
12.03,	1242.52
12.09,	1276.27
12.04,	1316.16
12.04,	1352.97
12.00,	1371.38
12.04,	1389.79
12.02,	1380.58
12.07,	1423.53
11.99,	1445.01
12.00,	1463.42
12.03,	1491.03
12.00,	1469.55
12.00,	1500.23
11.98,	1533.98
12.00,	1509.44
11.93,	1552.39
12.03,	1567.73
11.95,	1558.52
12.00,	1564.66
12.01,	1616.82
11.98,	1601.48
11.93,	1595.34
11.98,	1598.41
11.96,	1647.50
11.98,	1629.09
12.05,	1632.16
11.94,	1668.97
11.93,	1647.50
11.97,	1659.77
11.99,	1696.58
11.96,	1672.04
11.98,	1693.51
11.97,	1690.45
11.92,	1724.19
11.93,	1693.51
11.97,	1665.90
11.96,	1705.79
11.99,	1736.47
11.95,	1727.26
11.97,	1727.26
11.97,	1727.26
11.97,	1727.26
11.93,	1754.87
11.89,	1711.92
11.92,	1727.26
11.93,	1714.99
11.94,	1705.79
11.97,	1730.33
11.94,	1751.81
11.96,	1736.47
11.97,	1757.94
11.93,	1764.08
11.99,	1730.33
11.95,	1748.74
11.89,	1754.87
11.90,	1761.01
11.89,	1742.60
11.90,	1736.47
11.93,	1754.87
11.88,	1757.94
11.89,	1733.40
11.95,	1727.26
11.93,	1733.40
11.96,	1785.55
11.95,	1791.69
11.90,	1782.49
11.95,	1773.28
11.94,	1761.01
11.96,	1770.21
11.96,	1770.21
11.95,	1770.21
11.93,	1770.21
11.96,	1776.35
11.92,	1785.55
11.94,	1803.96
11.87,	1797.83
11.89,	1800.89
11.87,	1770.21
11.87,	1773.28
11.86,	1757.94
11.91,	1779.42
11.91,	1742.60
11.92,	1733.40
11.95,	1791.69
11.91,	1797.83
11.95,	1794.76
11.89,	1797.83
11.91,	1794.76
11.91,	1788.62
11.95,	1776.35
11.98,	1767.15
11.97,	1751.81
11.96,	1761.01
11.93,	1773.28
11.96,	1773.28
11.89,	1776.35
11.89,	1776.35
11.87,	1770.21
11.83,	1791.69
11.83,	1773.28
11.83,	1754.87
11.84,	1757.94
11.85,	1757.94
11.93,	1757.94
11.88,	1773.28
11.90,	1757.94
11.89,	1764.08
11.88,	1764.08
11.90,	1770.21
11.87,	1776.35
11.89,	1785.55
11.89,	1782.49
11.90,	1770.21
11.92,	1770.21
11.93,	1773.28
11.92,	1788.62
11.91,	1791.69
11.90,	1797.83
11.90,	1779.42
11.90,	1782.49
11.89,	1785.55
11.89,	1785.55
11.92,	1788.62
11.91,	1807.03
11.82,	1813.17
11.85,	1754.87
11.86,	1754.87
11.85,	1764.08
11.87,	1770.21
11.79,	1782.49
11.87,	1776.35
11.89,	1764.08
11.85,	1770.21
11.89,	1773.28
11.90,	1785.55
11.89,	1788.62
11.90,	1794.76
11.90,	1800.89
11.89,	1785.55
11.89,	1776.35
11.90,	1791.69
11.89,	1800.89
11.87,	1797.83
11.90,	1797.83
11.90,	1782.49
11.89,	1770.21
11.91,	1788.62
11.90,	1788.62
11.89,	1800.89
11.90,	1807.03
11.86,	1810.10
11.84,	1803.96
11.86,	1770.21
11.82,	1770.21
11.84,	1785.55
11.83,	1776.35
11.81,	1764.08
11.85,	1785.55
11.87,	1742.60
11.87,	1779.42
11.87,	1788.62
11.89,	1791.69
11.89,	1797.83
11.89,	1794.76
11.90,	1800.89
11.89,	1800.89
11.87,	1800.89
11.89,	1797.83
11.85,	1797.83
11.91,	1785.55
11.93,	1770.21
11.92,	1764.08
11.89,	1764.08
11.88,	1800.89
11.86,	1810.10
11.88,	1810.10
11.86,	1803.96
11.83,	1810.10
11.83,	1813.17
11.83,	1807.03
11.83,	1779.42
11.82,	1773.28
11.83,	1764.08
11.85,	1751.81
11.84,	1742.60
11.88,	1739.53
11.88,	1736.47
11.87,	1794.76
11.88,	1800.89
11.88,	1800.89
11.87,	1797.83
11.88,	1797.83
11.86,	1797.83
11.85,	1788.62
11.88,	1788.62
11.90,	1776.35
11.91,	1764.08
11.90,	1761.01
11.92,	1761.01
11.85,	1773.28
11.85,	1813.17
11.86,	1810.10
11.86,	1810.10
11.84,	1810.10
11.83,	1800.89
11.76,	1800.89
11.80,	1785.55
11.84,	1761.01
11.82,	1745.67
11.86,	1742.60
11.86,	1739.53
11.84,	1745.67
11.87,	1748.74
11.87,	1754.87
11.86,	1797.83
11.86,	1797.83
11.85,	1800.89
11.86,	1797.83
11.80,	1797.83
11.86,	1797.83
11.89,	1773.28
11.88,	1776.35
11.92,	1764.08
11.91,	1757.94
11.86,	1764.08
11.89,	1770.21
11.86,	1776.35
11.83,	1807.03
11.85,	1810.10
11.82,	1807.03
11.79,	1807.03
11.80,	1797.83
11.78,	1788.62
11.78,	1767.15
11.82,	1791.69
11.82,	1745.67
11.82,	1742.60
11.86,	1745.67
11.84,	1745.67
11.87,	1748.74
11.86,	1757.94
11.85,	1803.96
11.86,	1803.96
11.85,	1803.96
11.82,	1800.89
11.82,	1803.96
11.84,	1800.89
11.82,	1794.76
11.86,	1785.55
11.89,	1782.49
11.90,	1767.15
11.88,	1767.15
11.85,	1767.15
11.85,	1773.28
11.84,	1807.03
11.82,	1813.17
11.82,	1813.17
11.82,	1813.17
11.84,	1810.10
11.80,	1810.10
11.80,	1813.17
11.77,	1779.42
11.79,	1791.69
11.79,	1785.55
11.77,	1770.21
11.80,	1764.08
11.82,	1751.81
11.83,	1776.35
11.83,	1785.55
11.85,	1794.76
11.86,	1794.76
11.91,	1797.83
11.84,	1807.03
11.83,	1788.62
11.84,	1773.28
11.86,	1782.49
11.84,	1791.69
11.83,	1794.76
11.84,	1800.89
11.85,	1800.89
11.80,	1791.69
11.85,	1779.42
11.86,	1788.62
11.84,	1785.55
11.83,	1785.55
11.85,	1794.76
11.77,	1803.96
11.75,	1767.15
11.76,	1764.08
11.78,	1761.01
11.79,	1761.01
11.76,	1761.01
11.82,	1770.21
11.81,	1764.08
11.82,	1764.08
11.84,	1764.08
11.76,	1773.28
11.79,	1770.21
11.81,	1773.28
11.82,	1776.35
11.77,	1803.96
11.80,	1800.89
11.82,	1788.62
11.83,	1782.49
11.82,	1776.35
11.89,	1773.28
11.89,	1764.08
11.84,	1770.21
11.86,	1773.28
11.86,	1779.42
11.82,	1782.49
11.82,	1822.37
11.81,	1782.49
11.79,	1810.10
11.79,	1813.17
11.80,	1819.30
11.77,	1810.10
11.72,	1800.89
11.76,	1794.76
11.76,	1776.35
11.78,	1764.08
11.77,	1754.87
11.79,	1748.74
11.82,	1748.74
11.82,	1745.67
11.80,	1748.74
11.82,	1797.83
11.84,	1800.89
11.82,	1800.89
11.83,	1800.89
11.80,	1807.03
11.82,	1803.96
11.81,	1797.83
11.81,	1788.62
11.83,	1797.83
11.82,	1800.89
11.78,	1807.03
11.82,	1807.03
11.82,	1800.89
11.83,	1785.55
11.82,	1785.55
11.79,	1788.62
11.82,	1788.62
11.83,	1785.55
11.74,	1791.69
11.72,	1788.62
11.75,	1776.35
11.75,	1761.01
11.75,	1757.94
11.75,	1764.08
11.79,	1757.94
11.80,	1761.01
11.79,	1751.81
11.80,	1751.81
11.81,	1754.87
11.80,	1757.94
11.76,	1761.01
11.81,	1773.28
11.82,	1807.03
11.82,	1807.03
11.81,	1807.03
11.78,	1807.03
11.79,	1803.96
11.81,	1800.89
11.80,	1803.96
11.79,	1803.96
11.83,	1788.62
11.86,	1782.49
11.86,	1776.35
11.86,	1767.15
11.79,	1770.21
11.82,	1794.76
11.78,	1803.96
11.80,	1810.10
11.81,	1813.17
11.79,	1822.37
11.75,	1822.37
11.73,	1764.08
11.73,	1761.01
11.75,	1764.08
11.76,	1770.21
11.77,	1770.21
11.76,	1776.35
11.78,	1782.49
11.79,	1761.01
11.77,	1773.28
11.77,	1773.28
11.76,	1779.42
11.76,	1816.23
11.79,	1779.42
11.78,	1810.10
11.77,	1807.03
11.78,	1803.96
11.78,	1807.03
11.77,	1800.89
11.79,	1800.89
11.77,	1813.17
11.81,	1797.83
11.83,	1791.69
11.84,	1782.49
11.86,	1779.42
11.82,	1770.21
11.79,	1767.15
11.81,	1797.83
11.82,	1800.89
11.80,	1810.10
11.78,	1816.23
11.77,	1816.23
11.72,	1822.37
11.73,	1764.08
11.72,	1761.01
11.73,	1767.15
11.75,	1767.15
11.75,	1770.21
11.80,	1767.15
11.79,	1761.01
11.76,	1757.94
11.77,	1761.01
11.78,	1764.08
11.77,	1764.08
11.78,	1770.21
11.80,	1773.28
11.77,	1807.03
11.78,	1810.10
11.79,	1803.96
11.79,	1803.96
11.77,	1807.03
11.77,	1807.03
11.78,	1803.96
11.79,	1803.96
11.79,	1807.03
11.79,	1803.96
11.79,	1803.96
11.75,	1807.03
11.77,	1788.62
11.79,	1791.69
11.79,	1791.69
11.80,	1788.62
11.80,	1794.76
11.74,	1791.69
11.69,	1816.23
11.69,	1810.10
11.71,	1797.83
11.72,	1794.76
11.72,	1785.55
11.73,	1776.35
11.74,	1770.21
11.74,	1757.94
11.76,	1764.08
11.76,	1754.87
11.78,	1751.81
11.76,	1754.87
11.77,	1751.81
11.79,	1794.76
11.80,	1797.83
11.80,	1797.83
11.81,	1800.89
11.82,	1803.96
11.76,	1803.96
11.79,	1782.49
11.79,	1779.42
11.80,	1779.42
11.79,	1779.42
11.78,	1785.55
11.79,	1785.55
11.79,	1779.42
11.81,	1776.35
11.81,	1785.55
11.77,	1785.55
11.79,	1785.55
11.76,	1788.62
11.77,	1819.30
11.77,	1822.37
11.78,	1819.30
11.79,	1816.23
11.77,	1816.23
11.77,	1813.17
11.71,	1770.21
11.72,	1773.28
11.72,	1773.28
11.74,	1773.28
11.73,	1779.42
11.73,	1788.62
11.76,	1791.69
11.75,	1764.08
11.75,	1770.21
11.72,	1776.35
11.76,	1776.35
11.75,	1776.35
11.75,	1779.42
11.76,	1807.03
11.78,	1813.17
11.78,	1813.17
11.78,	1807.03
11.78,	1813.17
11.78,	1810.10
11.79,	1803.96
11.77,	1803.96
11.74,	1810.10
11.75,	1810.10
11.75,	1810.10
11.78,	1810.10
11.78,	1788.62
11.79,	1791.69
11.77,	1791.69
11.76,	1788.62
11.75,	1788.62
11.74,	1794.76
11.74,	1816.23
11.74,	1819.30
11.74,	1825.44
11.74,	1816.23
11.73,	1825.44
11.73,	1816.23
11.73,	1788.62
11.68,	1797.83
11.69,	1788.62
11.70,	1791.69
11.70,	1788.62
11.75,	1785.55
11.75,	1730.33
11.73,	1779.42
11.75,	1779.42
11.75,	1779.42
11.73,	1782.49
11.73,	1779.42
11.77,	1773.28
11.76,	1813.17
11.74,	1807.03
11.81,	1803.96
11.72,	1807.03
11.73,	1810.10
11.75,	1807.03
11.76,	1807.03
11.77,	1803.96
11.78,	1803.96
11.79,	1800.89
11.77,	1791.69
11.77,	1797.83
11.77,	1788.62
11.74,	1791.69
11.75,	1788.62
11.76,	1791.69
11.77,	1794.76
11.72,	1791.69
11.64,	1819.30
11.66,	1813.17
11.68,	1807.03
11.67,	1803.96
11.69,	1803.96
11.71,	1800.89
11.70,	1788.62
11.71,	1782.49
11.72,	1779.42
11.72,	1773.28
11.72,	1773.28
11.71,	1767.15
11.72,	1779.42
11.72,	1785.55
11.72,	1785.55
11.73,	1782.49
11.74,	1791.69
11.74,	1785.55
11.73,	1813.17
11.74,	1813.17
11.73,	1816.23
11.73,	1807.03
11.72,	1819.30
11.77,	1813.17
11.72,	1813.17
11.72,	1810.10
11.72,	1810.10
11.72,	1816.23
11.72,	1813.17
11.73,	1816.23
11.73,	1800.89
11.73,	1797.83
11.80,	1794.76
11.75,	1791.69
11.76,	1791.69
11.74,	1794.76
11.73,	1828.51
11.73,	1828.51
11.74,	1822.37
11.68,	1819.30
11.66,	1828.51
11.65,	1779.42
11.65,	1773.28
11.69,	1782.49
11.69,	1782.49
11.68,	1788.62
11.71,	1785.55
11.71,	1776.35
11.71,	1785.55
11.71,	1779.42
11.71,	1779.42
11.73,	1779.42
11.73,	1776.35
11.72,	1782.49
11.73,	1816.23
11.72,	1788.62
11.72,	1785.55
11.76,	1785.55
11.75,	1782.49
11.76,	1813.17
11.75,	1807.03
11.75,	1813.17
11.75,	1813.17
11.77,	1813.17
11.75,	1813.17
11.77,	1803.96
11.76,	1807.03
11.76,	1807.03
11.75,	1813.17
11.78,	1810.10
11.77,	1810.10
11.76,	1791.69
11.76,	1791.69
11.76,	1797.83
11.75,	1788.62
11.73,	1794.76
11.74,	1825.44
11.73,	1825.44
11.73,	1834.64
11.73,	1822.37
11.72,	1831.57
11.66,	1825.44
11.66,	1776.35
11.65,	1776.35
11.65,	1785.55
11.68,	1782.49
11.68,	1730.33
11.71,	1785.55
11.68,	1782.49
11.70,	1785.55
11.69,	1788.62
11.69,	1791.69
11.69,	1788.62
11.72,	1794.76
11.71,	1785.55
11.72,	1785.55
11.72,	1785.55
11.73,	1776.35
11.72,	1779.42
11.75,	1785.55
11.76,	1810.10
11.74,	1816.23
11.76,	1819.30
11.75,	1810.10
11.75,	1813.17
11.71,	1785.55
11.72,	1791.69
11.72,	1791.69
11.72,	1788.62
11.71,	1791.69
11.76,	1791.69
11.78,	1773.28
11.79,	1770.21
11.79,	1776.35
11.78,	1782.49
11.74,	1779.42
11.73,	1816.23
11.73,	1803.96
11.72,	1800.89
11.72,	1797.83
11.71,	1800.89
11.78,	1742.60
11.68,	1822.37
11.68,	1825.44
11.69,	1819.30
11.69,	1819.30
11.69,	1822.37
11.69,	1788.62
11.69,	1791.69
11.69,	1794.76
11.69,	1785.55
11.72,	1788.62
11.71,	1788.62
11.71,	1770.21
11.71,	1767.15
11.71,	1770.21
11.71,	1767.15
11.73,	1770.21
11.74,	1810.10
11.74,	1813.17
11.74,	1813.17
11.74,	1813.17
11.73,	1810.10
11.74,	1813.17
11.73,	1788.62
11.73,	1785.55
11.72,	1788.62
11.72,	1788.62
11.72,	1791.69
11.75,	1797.83
11.79,	1788.62
11.78,	1791.69
11.78,	1794.76
11.78,	1791.69
11.74,	1791.69
11.74,	1810.10
11.75,	1794.76
11.74,	1797.83
11.71,	1791.69
11.70,	1831.57
11.70,	1822.37
11.71,	1819.30
11.70,	1825.44
11.69,	1819.30
11.68,	1819.30
11.68,	1794.76
11.68,	1791.69
11.67,	1794.76
11.69,	1788.62
11.72,	1791.69
11.72,	1797.83
11.72,	1773.28
11.72,	1776.35
11.71,	1779.42
11.71,	1773.28
11.74,	1779.42
11.71,	1782.49
11.72,	1813.17
11.71,	1813.17
11.72,	1810.10
11.72,	1813.17
11.73,	1813.17
11.73,	1807.03
11.73,	1800.89
11.73,	1797.83
11.72,	1837.71
11.72,	1794.76
11.74,	1797.83
11.75,	1779.42
11.76,	1785.55
11.77,	1782.49
11.77,	1782.49
11.76,	1782.49
11.73,	1785.55
11.73,	1819.30
11.73,	1816.23
11.72,	1816.23
11.72,	1819.30
11.66,	1822.37
11.66,	1788.62
11.65,	1785.55
11.66,	1776.35
11.65,	1779.42
11.65,	1788.62
11.67,	1791.69
11.67,	1785.55
11.65,	1791.69
11.65,	1791.69
11.63,	1794.76
11.66,	1794.76
11.68,	1782.49
11.69,	1788.62
11.70,	1782.49
11.70,	1782.49
11.70,	1782.49
11.73,	1779.42
11.72,	1816.23
11.75,	1819.30
11.74,	1816.23
11.74,	1816.23
11.73,	1816.23
11.73,	1816.23
11.73,	1779.42
11.72,	1788.62
11.72,	1785.55
11.72,	1782.49
11.76,	1779.42
11.75,	1782.49
11.76,	1779.42
11.76,	1776.35
11.76,	1779.42
11.75,	1779.42
11.71,	1776.35
11.71,	1773.28
11.71,	1807.03
11.70,	1797.83
11.70,	1797.83
11.69,	1803.96
11.61,	1859.18
11.65,	1819.30
11.65,	1828.51
11.67,	1825.44
11.67,	1825.44
11.67,	1825.44
11.67,	1819.30
11.66,	1785.55
11.68,	1791.69
11.68,	1785.55
11.68,	1779.42
11.71,	1779.42
11.73,	1757.94
11.72,	1761.01
11.72,	1767.15
11.72,	1754.87
11.73,	1761.01
11.74,	1764.08
11.74,	1807.03
11.74,	1803.96
11.73,	1813.17
11.72,	1807.03
11.71,	1807.03
11.70,	1807.03
11.69,	1800.89
11.69,	1807.03
11.71,	1800.89
11.68,	1803.96
11.72,	1800.89
11.71,	1807.03
11.71,	1800.89
11.70,	1803.96
11.70,	1807.03
11.69,	1810.10
11.67,	1797.83
11.67,	1797.83
11.72,	1800.89
11.72,	1797.83
11.72,	1797.83
11.70,	1797.83
11.71,	1828.51
11.71,	1831.57
11.70,	1828.51
11.70,	1828.51
11.62,	1828.51
11.62,	1819.30
11.65,	1776.35
11.64,	1785.55
11.65,	1788.62
11.64,	1785.55
11.65,	1791.69
11.64,	1788.62
11.63,	1791.69
11.65,	1794.76
11.65,	1794.76
11.69,	1797.83
11.68,	1803.96
11.70,	1779.42
11.69,	1776.35
11.69,	1776.35
11.70,	1779.42
11.71,	1767.15
11.70,	1816.23
11.68,	1819.30
11.72,	1816.23
11.72,	1813.17
11.71,	1807.03
11.69,	1810.10
11.67,	1807.03
11.65,	1810.10
11.68,	1810.10
11.68,	1816.23
11.71,	1816.23
11.72,	1816.23
11.72,	1816.23
11.71,	1816.23
11.70,	1816.23
11.69,	1810.10
11.69,	1816.23
11.65,	1797.83
11.72,	1791.69
11.74,	1791.69
11.74,	1825.44
11.71,	1782.49
11.69,	1810.10
11.73,	1803.96
11.72,	1797.83
11.71,	1803.96
11.70,	1800.89
11.64,	1800.89
11.63,	1825.44
11.66,	1825.44
11.68,	1828.51
11.69,	1825.44
11.67,	1822.37
11.65,	1776.35
11.66,	1773.28
11.66,	1776.35
11.65,	1776.35
11.64,	1776.35
11.67,	1773.28
11.68,	1764.08
11.68,	1764.08
11.67,	1770.21
11.66,	1773.28
11.65,	1773.28
11.67,	1800.89
11.69,	1791.69
11.68,	1788.62
11.68,	1791.69
11.68,	1791.69
11.70,	1785.55
11.68,	1819.30
11.67,	1819.30
11.71,	1822.37
11.71,	1819.30
11.71,	1822.37
11.70,	1807.03
11.69,	1807.03
11.66,	1810.10
11.67,	1813.17
11.67,	1816.23
11.68,	1819.30
11.67,	1816.23
11.69,	1822.37
11.71,	1816.23
11.72,	1813.17
11.72,	1813.17
11.72,	1797.83
11.71,	1785.55
11.76,	1785.55
11.75,	1782.49
11.75,	1782.49
11.71,	1788.62
11.70,	1800.89
11.69,	1803.96
11.67,	1800.89
11.69,	1797.83
11.68,	1800.89
11.67,	1828.51
11.68,	1828.51
11.68,	1822.37
11.68,	1831.57
11.64,	1831.57
11.63,	1813.17
11.62,	1779.42
11.60,	1779.42
11.63,	1791.69
11.61,	1794.76
11.64,	1800.89
11.64,	1800.89
11.63,	1807.03
11.61,	1800.89
11.65,	1803.96
11.67,	1800.89
11.69,	1782.49
11.68,	1767.15
11.69,	1770.21
11.67,	1767.15
11.69,	1764.08
11.69,	1764.08
11.68,	1800.89
11.67,	1797.83
11.68,	1797.83
11.69,	1797.83
11.70,	1794.76
11.70,	1819.30
11.70,	1822.37
11.70,	1822.37
11.68,	1822.37
11.69,	1819.30
11.70,	1816.23
11.70,	1791.69
11.71,	1785.55
11.69,	1791.69
11.70,	1788.62
11.74,	1794.76
11.72,	1794.76
11.73,	1794.76
11.72,	1803.96
11.70,	1807.03
11.67,	1810.10
11.65,	1800.89
11.69,	1803.96
11.71,	1800.89
11.72,	1800.89
11.72,	1797.83
11.68,	1800.89
11.67,	1831.57
11.65,	1834.64
11.69,	1831.57
11.69,	1825.44
11.62,	1816.23
11.61,	1871.46
11.61,	1810.10
11.61,	1813.17
11.58,	1825.44
11.64,	1825.44
11.64,	1797.83
11.64,	1794.76
11.65,	1782.49
11.65,	1785.55
11.65,	1782.49
11.69,	1782.49
11.68,	1764.08
11.67,	1764.08
11.66,	1764.08
11.67,	1770.21
11.67,	1767.15
11.65,	1791.69
11.68,	1791.69
11.67,	1791.69
11.67,	1791.69
11.68,	1794.76
11.68,	1822.37
11.70,	1825.44
11.69,	1816.23
11.69,	1819.30
11.69,	1819.30
11.69,	1797.83
11.69,	1794.76
11.68,	1803.96
11.67,	1807.03
11.68,	1810.10
11.65,	1813.17
11.69,	1816.23
11.68,	1816.23
11.69,	1822.37
11.71,	1822.37
11.70,	1813.17
11.69,	1797.83
11.68,	1800.89
11.69,	1797.83
11.71,	1788.62
11.68,	1788.62
11.69,	1813.17
11.67,	1813.17
11.70,	1807.03
11.70,	1803.96
11.61,	1800.89
11.61,	1828.51
11.64,	1828.51
11.67,	1828.51
11.68,	1828.51
11.68,	1825.44
11.63,	1828.51
11.62,	1779.42
11.61,	1776.35
11.62,	1773.28
11.63,	1779.42
11.65,	1782.49
11.65,	1776.35
11.64,	1788.62
11.60,	1794.76
11.65,	1800.89
11.64,	1782.49
11.65,	1776.35
11.67,	1770.21
11.68,	1767.15
11.69,	1767.15
11.66,	1764.08
11.68,	1816.23
11.68,	1803.96
11.67,	1794.76
11.65,	1797.83
11.65,	1822.37
11.67,	1822.37
11.68,	1816.23
11.69,	1819.30
11.68,	1822.37
11.67,	1794.76
11.68,	1794.76
11.68,	1834.64
11.67,	1803.96
11.70,	1813.17
11.70,	1770.21
11.69,	1813.17
11.68,	1819.30
11.65,	1819.30
11.65,	1819.30
11.69,	1819.30
11.69,	1800.89
11.71,	1797.83
11.70,	1788.62
11.69,	1791.69
11.68,	1785.55
11.70,	1810.10
11.68,	1810.10
11.67,	1800.89
11.59,	1803.96
11.64,	1834.64
11.64,	1828.51
11.65,	1825.44
11.68,	1828.51
11.62,	1834.64
11.62,	1819.30
11.60,	1776.35
11.58,	1782.49
11.61,	1791.69
11.61,	1791.69
11.62,	1803.96
11.61,	1803.96
11.58,	1803.96
11.61,	1803.96
11.62,	1797.83
11.67,	1788.62
11.66,	1779.42
11.65,	1767.15
11.67,	1767.15
11.66,	1770.21
11.65,	1767.15
11.65,	1797.83
11.66,	1794.76
11.65,	1791.69
11.63,	1797.83
11.65,	1797.83
11.69,	1791.69
11.69,	1828.51
11.68,	1825.44
11.66,	1822.37
11.69,	1816.23
11.67,	1813.17
11.66,	1813.17
11.65,	1816.23
11.64,	1822.37
11.61,	1822.37
11.67,	1819.30
11.67,	1819.30
11.68,	1807.03
11.65,	1803.96
11.67,	1791.69
11.71,	1794.76
11.72,	1782.49
11.73,	1797.83
11.71,	1800.89
11.65,	1822.37
11.68,	1825.44
11.65,	1803.96
11.69,	1807.03
11.68,	1800.89
11.65,	1800.89
11.66,	1794.76
11.68,	1822.37
11.68,	1813.17
11.66,	1803.96
11.67,	1807.03
11.61,	1807.03
11.63,	1831.57
11.63,	1831.57
11.63,	1834.64
11.65,	1831.57
11.64,	1831.57
11.60,	1822.37
11.60,	1791.69
11.61,	1782.49
11.59,	1794.76
11.57,	1803.96
11.61,	1813.17
11.62,	1803.96
11.63,	1803.96
11.61,	1794.76
11.60,	1788.62
11.66,	1785.55
11.66,	1770.21
11.66,	1764.08
11.64,	1761.01
11.65,	1770.21
11.64,	1776.35
11.63,	1797.83
11.64,	1797.83
11.65,	1794.76
11.64,	1794.76
11.66,	1788.62
11.63,	1779.42
11.68,	1822.37
11.68,	1822.37
11.68,	1822.37
11.66,	1816.23
11.61,	1813.17
11.65,	1819.30
11.65,	1819.30
11.64,	1825.44
11.64,	1825.44
11.65,	1825.44
11.67,	1813.17
11.67,	1803.96
11.67,	1797.83
11.60,	1794.76
11.72,	1794.76
11.69,	1803.96
11.70,	1813.17
11.68,	1819.30
11.67,	1819.30
11.65,	1819.30
11.64,	1819.30
11.69,	1803.96
11.70,	1797.83
11.68,	1794.76
11.66,	1788.62
11.67,	1788.62
11.68,	1810.10
11.68,	1807.03
11.63,	1807.03
11.66,	1810.10
11.65,	1807.03
11.65,	1825.44
11.62,	1837.71
11.65,	1840.78
11.63,	1837.71
11.59,	1828.51
11.59,	1810.10
11.58,	1822.37
11.55,	1831.57
11.61,	1834.64
11.62,	1831.57
11.61,	1788.62
11.61,	1782.49
11.60,	1773.28
11.62,	1782.49
11.62,	1794.76
11.61,	1791.69
11.60,	1803.96
11.57,	1803.96
11.61,	1803.96
11.64,	1791.69
11.65,	1773.28
11.65,	1767.15
11.65,	1767.15
11.65,	1770.21
11.64,	1770.21
11.65,	1794.76
11.63,	1794.76
11.64,	1794.76
11.65,	1791.69
11.67,	1782.49
11.65,	1822.37
11.68,	1819.30
11.68,	1816.23
11.67,	1813.17
11.61,	1803.96
11.63,	1822.37
11.64,	1825.44
11.65,	1822.37
11.62,	1825.44
11.65,	1822.37
11.64,	1816.23
11.66,	1797.83
11.66,	1807.03
11.63,	1813.17
11.61,	1819.30
11.65,	1822.37
11.66,	1825.44
11.65,	1825.44
11.63,	1819.30
11.66,	1807.03
11.69,	1800.89
11.69,	1788.62
11.71,	1788.62
11.70,	1803.96
11.69,	1810.10
11.64,	1819.30
11.65,	1803.96
11.67,	1807.03
11.67,	1807.03
11.68,	1807.03
11.65,	1797.83
11.68,	1822.37
11.67,	1813.17
11.67,	1807.03
11.64,	1807.03
11.63,	1807.03
11.64,	1831.57
11.64,	1831.57
11.61,	1834.64
11.64,	1840.78
11.65,	1834.64
11.56,	1816.23
11.58,	1813.17
11.60,	1822.37
11.59,	1834.64
11.61,	1834.64
11.60,	1837.71
11.60,	1779.42
11.57,	1782.49
11.59,	1782.49
11.56,	1785.55
11.61,	1794.76
11.59,	1807.03
11.58,	1807.03
11.58,	1803.96
11.61,	1800.89
11.65,	1791.69
11.62,	1767.15
11.65,	1773.28
11.64,	1770.21
11.63,	1788.62
11.63,	1797.83
11.62,	1797.83
11.57,	1788.62
11.63,	1779.42
11.65,	1773.28
11.65,	1816.23
11.64,	1810.10
11.64,	1803.96
11.63,	1800.89
11.64,	1794.76
11.65,	1828.51
11.66,	1831.57
11.65,	1828.51
11.66,	1822.37
11.63,	1819.30
11.61,	1825.44
11.62,	1831.57
11.65,	1831.57
11.64,	1831.57
11.66,	1837.71
11.66,	1800.89
11.63,	1807.03
11.64,	1813.17
11.63,	1856.12
11.58,	1825.44
11.64,	1828.51
11.65,	1816.23
11.66,	1810.10
11.64,	1800.89
11.65,	1803.96
11.69,	1813.17
11.64,	1822.37
11.65,	1825.44
11.65,	1828.51
11.62,	1822.37
11.66,	1813.17
11.68,	1788.62
11.68,	1791.69
11.71,	1797.83
11.68,	1810.10
11.63,	1822.37
11.65,	1810.10
11.67,	1810.10
11.62,	1807.03
11.67,	1800.89
11.65,	1791.69
11.66,	1813.17
11.63,	1813.17
11.66,	1807.03
11.66,	1807.03
11.60,	1803.96
11.64,	1840.78
11.65,	1834.64
11.61,	1828.51
11.66,	1816.23
11.58,	1810.10
11.58,	1849.98
11.62,	1837.71
11.63,	1834.64
11.60,	1834.64
11.63,	1843.84
11.58,	1840.78
11.50,	1810.10
11.56,	1828.51
11.58,	1837.71
11.61,	1837.71
11.58,	1834.64
11.59,	1785.55
11.58,	1785.55
11.56,	1791.69
11.57,	1803.96
11.58,	1822.37
11.56,	1813.17
11.59,	1807.03
11.61,	1791.69
11.58,	1785.55
11.65,	1779.42
11.62,	1776.35
11.61,	1788.62
11.60,	1803.96
11.57,	1816.23
11.62,	1807.03
11.63,	1776.35
11.65,	1773.28
11.62,	1773.28
11.63,	1782.49
11.62,	1791.69
11.59,	1800.89
11.61,	1788.62
11.62,	1785.55
11.62,	1776.35
11.66,	1773.28
11.63,	1807.03
11.63,	1803.96
11.63,	1800.89
11.60,	1797.83
11.65,	1791.69
11.65,	1834.64
11.61,	1822.37
11.65,	1816.23
11.64,	1819.30
11.59,	1807.03
11.62,	1807.03
11.65,	1831.57
11.64,	1834.64
11.64,	1831.57
11.64,	1831.57
11.60,	1822.37
11.62,	1828.51
11.62,	1831.57
11.61,	1825.44
11.65,	1831.57
11.65,	1813.17
11.65,	1803.96
11.64,	1810.10
11.62,	1819.30
11.62,	1822.37
11.65,	1819.30
11.62,	1825.44
11.64,	1816.23
11.63,	1803.96
11.69,	1800.89
11.67,	1807.03
11.66,	1816.23
11.64,	1828.51
11.61,	1828.51
11.67,	1822.37
11.66,	1800.89
11.64,	1794.76
11.69,	1791.69
11.68,	1803.96
11.66,	1816.23
11.65,	1822.37
11.63,	1810.10
11.65,	1810.10
11.67,	1800.89
11.65,	1797.83
11.63,	1794.76
11.65,	1816.23
11.64,	1846.91
11.62,	1810.10
11.65,	1810.10
11.62,	1810.10
11.57,	1840.78
11.65,	1834.64
11.62,	1822.37
11.64,	1807.03
11.61,	1810.10
11.59,	1834.64
11.63,	1837.71
11.62,	1843.84
11.62,	1831.57
11.56,	1822.37
11.53,	1837.71
11.60,	1840.78
11.60,	1837.71
11.62,	1837.71
11.57,	1837.71
11.56,	1797.83
11.55,	1810.10
11.54,	1831.57
11.57,	1834.64
11.59,	1840.78
11.59,	1785.55
11.57,	1779.42
11.56,	1782.49
11.56,	1791.69
11.55,	1803.96
11.58,	1813.17
11.58,	1807.03
11.56,	1794.76
11.59,	1791.69
11.62,	1782.49
11.62,	1776.35
11.61,	1785.55
11.57,	1797.83
11.57,	1813.17
11.61,	1813.17
11.63,	1779.42
11.61,	1773.28
11.63,	1773.28
11.61,	1724.19
11.58,	1791.69
11.61,	1803.96
11.59,	1794.76
11.61,	1785.55
11.62,	1779.42
11.62,	1773.28
11.62,	1813.17
11.62,	1803.96
11.58,	1803.96
11.61,	1800.89
11.63,	1794.76
11.64,	1837.71
11.65,	1837.71
11.62,	1822.37
11.63,	1813.17
11.61,	1807.03
11.62,	1831.57
11.62,	1828.51
11.65,	1834.64
11.65,	1834.64
11.64,	1828.51
11.61,	1825.44
11.59,	1828.51
11.61,	1831.57
11.63,	1831.57
11.61,	1837.71
11.63,	1834.64
11.64,	1800.89
11.62,	1810.10
11.62,	1819.30
11.62,	1828.51
11.62,	1819.30
11.65,	1819.30
11.61,	1810.10
11.62,	1803.96
11.67,	1807.03
11.66,	1813.17
11.60,	1825.44
11.62,	1828.51
11.61,	1822.37
11.62,	1819.30
11.67,	1797.83
11.69,	1797.83
11.68,	1810.10
11.61,	1822.37
11.61,	1834.64
11.65,	1813.17
11.63,	1803.96
11.66,	1797.83
11.65,	1800.89
11.67,	1810.10
11.61,	1822.37
11.64,	1813.17
11.63,	1813.17
11.63,	1800.89
11.66,	1797.83
11.64,	1803.96
11.62,	1813.17
11.63,	1816.23
11.59,	1813.17
11.65,	1807.03
11.58,	1800.89
11.63,	1819.30
11.60,	1816.23
11.65,	1819.30
11.61,	1816.23
11.63,	1810.10
11.61,	1834.64
11.64,	1816.23
11.63,	1816.23
11.62,	1816.23
11.61,	1810.10
11.60,	1843.84
11.61,	1843.84
11.62,	1825.44
11.62,	1822.37
11.59,	1816.23
11.57,	1840.78
11.61,	1837.71
11.58,	1840.78
11.63,	1828.51
11.53,	1819.30
11.58,	1843.84
11.58,	1840.78
11.61,	1840.78
11.61,	1843.84
11.54,	1837.71
11.54,	1831.57
11.55,	1843.84
11.58,	1843.84
11.60,	1837.71
11.57,	1837.71
11.53,	1800.89
11.54,	1825.44
11.55,	1840.78
11.54,	1846.91
11.58,	1840.78
11.54,	1785.55
11.55,	1800.89
11.52,	1813.17
11.55,	1840.78
11.55,	1843.84
11.59,	1794.76
11.55,	1791.69
11.56,	1788.62
11.54,	1807.03
11.55,	1828.51
11.57,	1813.17
11.56,	1803.96
11.58,	1791.69
11.55,	1791.69
11.59,	1797.83
11.56,	1807.03
11.54,	1816.23
11.58,	1803.96
11.56,	1843.84
11.61,	1788.62
11.58,	1779.42
11.58,	1803.96
11.54,	1816.23
11.58,	1810.10
11.61,	1794.76
11.61,	1773.28
11.60,	1776.35
11.57,	1791.69
11.56,	1810.10
11.57,	1810.10
11.60,	1785.55
11.59,	1779.42
11.61,	1776.35
11.59,	1779.42
11.58,	1797.83
11.58,	1800.89
11.59,	1788.62
11.61,	1779.42
11.61,	1776.35
11.59,	1776.35
11.60,	1803.96
11.57,	1810.10
11.59,	1800.89
11.60,	1785.55
11.63,	1779.42
11.62,	1822.37
11.62,	1813.17
11.60,	1803.96
11.57,	1803.96
11.63,	1794.76
11.61,	1831.57
11.62,	1825.44
11.61,	1822.37
11.60,	1807.03
11.60,	1800.89
11.60,	1834.64
11.59,	1831.57
11.63,	1831.57
11.60,	1822.37
11.59,	1816.23
11.59,	1831.57
11.61,	1831.57
11.62,	1834.64
11.61,	1834.64
11.61,	1834.64
11.57,	1828.51
11.60,	1834.64
11.59,	1834.64
11.63,	1834.64
11.61,	1834.64
11.62,	1807.03
11.61,	1816.23
11.59,	1825.44
11.57,	1828.51
11.60,	1819.30
11.60,	1813.17
11.63,	1803.96
11.61,	1810.10
11.63,	1819.30
11.61,	1816.23
11.61,	1828.51
11.62,	1819.30
11.58,	1810.10
11.62,	1800.89
11.65,	1822.37
11.63,	1822.37
11.60,	1825.44
11.61,	1828.51
11.65,	1822.37
11.61,	1803.96
11.67,	1791.69
11.63,	1810.10
11.61,	1825.44
11.60,	1831.57
11.62,	1813.17
11.63,	1807.03
11.65,	1797.83
11.66,	1803.96
11.62,	1816.23
11.57,	1810.10
11.63,	1813.17
11.60,	1810.10
11.65,	1800.89
11.60,	1797.83
11.61,	1819.30
11.60,	1813.17
11.62,	1813.17
11.63,	1813.17
11.60,	1803.96
11.60,	1825.44
11.61,	1819.30
11.61,	1813.17
11.61,	1816.23
11.58,	1813.17
11.60,	1846.91
11.61,	1831.57
11.62,	1816.23
11.58,	1816.23
11.59,	1816.23
11.58,	1843.84
11.61,	1843.84
11.58,	1837.71
11.62,	1819.30
11.55,	1816.23
11.58,	1840.78
11.59,	1840.78
11.61,	1846.91
11.60,	1837.71
11.53,	1822.37
11.54,	1840.78
11.57,	1843.84
11.58,	1840.78
11.59,	1843.84
11.54,	1837.71
11.52,	1831.57
11.53,	1843.84
11.57,	1840.78
11.60,	1840.78
11.55,	1843.84
11.52,	1800.89
11.54,	1819.30
11.51,	1837.71
11.58,	1843.84
11.54,	1840.78
11.56,	1785.55
11.53,	1791.69
11.54,	1810.10
11.52,	1828.51
11.55,	1843.84
11.55,	1797.83
11.54,	1782.49
11.51,	1794.76
11.51,	1807.03
11.54,	1819.30
11.54,	1810.10
11.57,	1794.76
11.54,	1791.69
11.54,	1794.76
11.55,	1816.23
11.54,	1810.10
11.54,	1803.96
11.57,	1797.83
11.59,	1782.49
11.59,	1776.35
11.56,	1797.83
11.54,	1813.17
11.56,	1813.17
11.59,	1794.76
11.60,	1782.49
11.59,	1782.49
11.56,	1797.83
11.54,	1810.10
11.54,	1816.23
11.60,	1785.55
11.59,	1782.49
11.58,	1776.35
11.55,	1797.83
11.58,	1813.17
11.54,	1791.69
11.60,	1779.42
11.59,	1779.42
11.58,	1782.49
11.59,	1797.83
11.58,	1800.89
11.56,	1794.76
11.59,	1779.42
11.59,	1779.42
11.59,	1776.35
11.58,	1807.03
11.57,	1803.96
11.58,	1797.83
11.59,	1785.55
11.60,	1779.42
11.60,	1813.17
11.58,	1810.10
11.58,	1807.03
11.58,	1794.76
11.61,	1782.49
11.61,	1816.23
11.59,	1810.10
11.58,	1807.03
11.57,	1807.03
11.61,	1831.57
11.58,	1831.57
11.61,	1822.37
11.60,	1810.10
11.60,	1810.10
11.59,	1831.57
11.59,	1837.71
11.60,	1831.57
11.61,	1822.37
11.58,	1757.94
11.59,	1834.64
11.60,	1837.71
11.60,	1837.71
11.61,	1834.64
11.58,	1819.30
11.58,	1837.71
11.61,	1837.71
11.58,	1846.91
11.61,	1834.64
11.57,	1828.51
11.58,	1837.71
11.57,	1837.71
11.58,	1837.71
11.60,	1840.78
11.59,	1834.64
11.57,	1831.57
11.58,	1837.71
11.59,	1840.78
11.61,	1834.64
11.58,	1822.37
11.58,	1834.64
11.54,	1840.78
11.60,	1837.71
11.60,	1837.71
11.59,	1816.23
11.59,	1825.44
11.56,	1837.71
11.59,	1837.71
11.58,	1840.78
11.61,	1807.03
11.57,	1819.30
11.59,	1834.64
11.55,	1837.71
11.60,	1837.71
11.60,	1813.17
11.59,	1813.17
11.57,	1831.57
11.58,	1837.71
11.58,	1840.78
11.61,	1819.30
11.58,	1810.10
11.59,	1822.37
11.59,	1837.71
11.60,	1849.98
11.59,	1822.37
11.58,	1810.10
11.59,	1819.30
11.59,	1831.57
11.60,	1840.78
11.57,	1828.51
11.60,	1813.17
11.59,	1813.17
11.62,	1825.44
11.60,	1837.71
11.56,	1834.64
11.59,	1816.23
11.60,	1816.23
11.62,	1825.44
11.59,	1837.71
11.61,	1834.64
11.58,	1819.30
11.61,	1813.17
11.61,	1822.37
11.60,	1834.64
11.60,	1834.64
11.60,	1822.37
11.63,	1816.23
11.63,	1819.30
11.60,	1834.64
11.57,	1840.78
11.60,	1828.51
11.63,	1813.17
11.65,	1807.03
11.61,	1828.51
11.58,	1837.71
11.58,	1831.57
11.63,	1816.23
11.61,	1803.96
11.62,	1822.37
11.59,	1834.64
11.59,	1834.64
11.62,	1819.30
11.62,	1803.96
11.63,	1810.10
11.56,	1831.57
11.59,	1834.64
11.58,	1825.44
11.63,	1825.44
11.65,	1816.23
11.58,	1831.57
11.60,	1840.78
11.54,	1825.44
11.63,	1803.96
11.64,	1810.10
11.58,	1834.64
11.58,	1837.71
11.61,	1825.44
11.64,	1803.96
11.63,	1816.23
11.61,	1831.57
11.57,	1840.78
11.61,	1816.23
11.64,	1807.03
11.63,	1819.30
11.61,	1837.71
11.58,	1834.64
11.62,	1816.23
11.63,	1803.96
11.62,	1816.23
11.59,	1828.51
11.57,	1843.84
11.61,	1813.17
11.61,	1807.03
11.62,	1807.03
11.55,	1837.71
11.60,	1825.44
11.62,	1810.10
11.61,	1807.03
11.63,	1825.44
11.60,	1840.78
11.61,	1822.37
11.62,	1813.17
11.62,	1800.89
11.63,	1819.30
11.54,	1834.64
11.60,	1822.37
11.61,	1810.10
11.62,	1810.10
11.64,	1819.30
11.55,	1840.78
11.61,	1819.30
11.60,	1853.05
11.61,	1803.96
11.62,	1822.37
11.61,	1834.64
11.54,	1819.30
11.61,	1813.17
11.64,	1803.96
11.61,	1819.30
11.60,	1831.57
11.55,	1822.37
11.61,	1816.23
11.63,	1800.89
11.59,	1816.23
11.58,	1816.23
11.58,	1819.30
11.62,	1816.23
11.63,	1803.96
11.59,	1813.17
11.58,	1822.37
11.57,	1822.37
11.59,	1819.30
11.61,	1810.10
11.59,	1813.17
11.57,	1819.30
11.61,	1819.30
11.58,	1810.10
11.61,	1807.03
11.58,	1816.23
11.55,	1822.37
11.61,	1813.17
11.61,	1810.10
11.58,	1800.89
11.60,	1831.57
11.56,	1822.37
11.61,	1822.37
11.59,	1813.17
11.58,	1807.03
11.58,	1819.30
11.54,	1816.23
11.60,	1819.30
11.60,	1813.17
11.61,	1803.96
11.55,	1822.37
11.58,	1825.44
11.60,	1825.44
11.60,	1807.03
11.59,	1807.03
11.54,	1819.30
11.59,	1819.30
11.61,	1819.30
11.56,	1807.03
11.60,	1822.37
11.55,	1819.30
11.59,	1828.51
11.61,	1819.30
11.56,	1803.96
11.60,	1825.44
11.58,	1819.30
11.58,	1819.30
11.58,	1822.37
11.54,	1807.03
11.59,	1822.37
11.58,	1819.30
11.60,	1819.30
11.57,	1819.30
11.58,	1803.96
11.57,	1828.51
11.58,	1816.23
11.60,	1819.30
11.56,	1819.30
11.58,	1807.03
11.59,	1819.30
11.56,	1819.30
11.61,	1822.37
11.57,	1813.17
11.57,	1843.84
11.59,	1822.37
11.60,	1822.37
11.60,	1822.37
11.57,	1810.10
11.59,	1825.44
11.54,	1819.30
11.58,	1819.30
11.60,	1822.37
11.56,	1810.10
11.60,	1825.44
11.59,	1819.30
11.58,	1822.37
11.61,	1819.30
11.56,	1803.96
11.59,	1825.44
11.54,	1822.37
11.58,	1822.37
11.56,	1825.44
11.55,	1825.44
11.59,	1816.23
11.58,	1816.23
11.57,	1822.37
11.56,	1819.30
11.58,	1840.78
11.57,	1822.37
11.60,	1819.30
11.54,	1813.17
11.57,	1831.57
11.58,	1822.37
11.55,	1822.37
11.60,	1819.30
11.57,	1813.17
11.57,	1834.64
11.60,	1825.44
11.55,	1822.37
11.56,	1816.23
11.58,	1846.91
11.56,	1828.51
11.58,	1816.23
11.58,	1859.18
11.55,	1822.37
11.56,	1840.78
11.59,	1822.37
11.58,	1819.30
11.58,	1822.37
11.58,	1822.37
11.57,	1834.64
11.58,	1828.51
11.60,	1816.23
11.54,	1819.30
11.57,	1797.83
11.58,	1828.51
11.56,	1825.44
11.59,	1816.23
11.53,	1816.23
11.58,	1853.05
11.58,	1834.64
11.56,	1822.37
11.57,	1819.30
11.55,	1825.44
11.56,	1846.91
11.60,	1828.51
11.58,	1819.30
11.58,	1825.44
11.54,	1822.37
11.58,	1843.84
11.57,	1828.51
11.57,	1819.30
11.59,	1825.44
11.53,	1868.39
11.57,	1828.51
11.57,	1825.44
11.54,	1819.30
11.56,	1822.37
11.57,	1853.05
11.54,	1825.44
11.57,	1822.37
11.54,	1819.30
11.55,	1837.71
11.58,	1825.44
11.58,	1819.30
11.57,	1822.37
11.57,	1819.30
11.56,	1834.64
11.57,	1819.30
11.59,	1819.30
11.55,	1822.37
11.57,	1800.89
11.57,	1834.64
11.57,	1825.44
11.60,	1822.37
11.53,	1819.30
11.56,	1846.91
11.57,	1825.44
11.58,	1819.30
11.58,	1819.30
11.54,	1862.25
11.55,	1846.91
11.56,	1834.64
11.56,	1822.37
11.56,	1822.37
11.56,	1822.37
11.52,	1853.05
11.57,	1828.51
11.58,	1819.30
11.54,	1822.37
11.57,	1819.30
11.57,	1843.84
11.56,	1834.64
11.57,	1819.30
11.52,	1822.37
11.55,	1865.32
11.56,	1849.98
11.57,	1831.57
11.58,	1825.44
11.56,	1819.30
11.55,	1853.05
11.55,	1843.84
11.58,	1828.51
11.52,	1825.44
11.55,	1822.37
11.57,	1856.12
11.54,	1846.91
11.58,	1825.44
11.57,	1819.30
11.55,	1822.37
11.56,	1846.91
11.51,	1840.78
11.58,	1822.37
11.55,	1816.23
11.54,	1843.84
11.57,	1853.05
11.58,	1837.71
11.58,	1822.37
11.53,	1822.37
11.52,	1843.84
11.55,	1843.84
11.58,	1828.51
11.58,	1822.37
11.53,	1822.37
11.56,	1853.05
11.57,	1846.91
11.56,	1834.64
11.51,	1822.37
11.52,	1819.30
11.56,	1846.91
11.55,	1843.84
11.55,	1825.44
11.53,	1819.30
11.51,	1849.98
11.56,	1853.05
11.57,	1846.91
11.55,	1828.51
11.52,	1822.37
11.54,	1840.78
11.54,	1849.98
11.55,	1837.71
11.58,	1822.37
11.50,	1822.37
11.55,	1849.98
11.57,	1853.05
11.55,	1843.84
11.49,	1825.44
11.49,	1819.30
11.56,	1791.69
11.56,	1849.98
11.54,	1837.71
11.50,	1822.37
11.48,	1853.05
11.55,	1846.91
11.54,	1849.98
11.54,	1843.84
11.48,	1828.51
11.51,	1846.91
11.54,	1843.84
11.54,	1856.12
11.58,	1840.78
11.46,	1819.30
11.53,	1846.91
11.55,	1843.84
11.54,	1843.84
11.49,	1837.71
11.46,	1856.12
11.53,	1849.98
11.55,	1843.84
11.54,	1849.98
11.50,	1837.71
11.45,	1853.05
11.54,	1849.98
11.56,	1846.91
11.53,	1846.91
11.47,	1840.78
11.48,	1846.91
11.51,	1846.91
11.54,	1846.91
11.56,	1856.12
11.44,	1837.71
11.50,	1843.84
11.55,	1849.98
11.54,	1846.91
11.56,	1843.84
11.45,	1843.84
11.50,	1846.91
11.53,	1846.91
11.54,	1849.98
11.49,	1856.12
11.44,	1822.37
11.50,	1843.84
11.54,	1846.91
11.54,	1846.91
11.48,	1846.91
11.47,	1834.64
11.49,	1849.98
11.53,	1843.84
11.54,	1856.12
11.48,	1825.44
11.47,	1834.64
11.53,	1846.91
11.54,	1849.98
11.49,	1853.05
11.49,	1822.37
11.53,	1846.91
11.55,	1853.05
11.47,	1856.12
11.49,	1856.12
11.49,	1849.98
11.52,	1849.98
11.55,	1846.91
11.48,	1846.91
11.47,	1834.64
11.51,	1853.05
11.54,	1849.98
11.49,	1856.12
11.46,	1822.37
11.49,	1843.84
11.54,	1846.91
11.53,	1846.91
11.50,	1846.91
11.47,	1828.51
11.50,	1849.98
11.54,	1846.91
11.60,	1856.12
11.50,	1853.05
11.49,	1837.71
11.49,	1843.84
11.54,	1846.91
11.54,	1853.05
11.48,	1843.84
11.50,	1840.78
11.53,	1849.98
11.53,	1849.98
11.47,	1856.12
11.48,	1819.30
11.45,	1843.84
11.53,	1849.98
11.55,	1797.83
11.47,	1849.98
11.49,	1831.57
11.53,	1846.91
11.52,	1856.12
11.55,	1853.05
11.47,	1853.05
11.48,	1834.64
11.50,	1849.98
11.52,	1846.91
11.49,	1846.91
11.47,	1865.32
11.47,	1837.71
11.51,	1849.98
11.52,	1846.91
11.48,	1853.05
11.47,	1816.23
11.49,	1843.84
11.51,	1853.05
11.53,	1846.91
11.49,	1853.05
11.44,	1828.51
11.50,	1849.98
11.53,	1846.91
11.48,	1846.91
11.49,	1791.69
11.48,	1834.64
11.49,	1849.98
11.55,	1846.91
11.50,	1853.05
11.48,	1819.30
11.51,	1846.91
11.53,	1853.05
11.47,	1859.18
11.47,	1825.44
11.48,	1846.91
11.51,	1849.98
11.50,	1846.91
11.48,	1816.23
11.46,	1843.84
11.52,	1846.91
11.54,	1846.91
11.47,	1859.18
11.48,	1837.71
11.47,	1846.91
11.50,	1849.98
11.54,	1849.98
11.48,	1853.05
11.46,	1840.78
11.52,	1849.98
11.54,	1853.05
11.52,	1853.05
11.47,	1819.30
11.48,	1859.18
11.55,	1849.98
11.54,	1856.12
11.47,	1849.98
11.49,	1846.91
11.53,	1849.98
11.50,	1853.05
11.54,	1853.05
11.49,	1825.44
11.48,	1859.18
11.54,	1853.05
11.54,	1856.12
11.51,	1840.78
11.49,	1828.51
11.55,	1849.98
11.55,	1853.05
11.54,	1840.78
11.48,	1831.57
11.50,	1849.98
11.51,	1853.05
11.54,	1853.05
11.54,	1834.64
11.52,	1825.44
11.54,	1853.05
11.52,	1856.12
11.56,	1837.71
11.56,	1825.44
11.50,	1828.51
11.54,	1859.18
11.60,	1843.84
11.55,	1825.44
11.54,	1822.37
11.54,	1813.17
11.54,	1853.05
11.54,	1831.57
11.56,	1825.44
11.54,	1822.37
11.50,	1856.12
11.54,	1834.64
11.54,	1822.37
11.55,	1825.44
11.55,	1825.44
11.53,	1837.71
11.54,	1828.51
11.56,	1825.44
11.54,	1822.37
11.51,	1843.84
11.55,	1843.84
11.56,	1828.51
11.57,	1825.44
11.52,	1810.10
11.56,	1825.44
11.54,	1822.37
11.55,	1813.17
11.55,	1819.30
11.54,	1822.37
11.54,	1828.51
11.53,	1828.51
11.54,	1819.30
11.52,	1840.78
11.56,	1825.44
11.59,	1813.17
11.60,	1816.23
11.52,	1837.71
11.56,	1825.44
11.58,	1813.17
11.59,	1816.23
11.53,	1840.78
11.56,	1840.78
11.59,	1813.17
11.59,	1816.23
11.53,	1840.78
11.54,	1846.91
11.57,	1825.44
11.60,	1816.23
11.52,	1837.71
11.54,	1837.71
11.57,	1825.44
11.59,	1822.37
11.55,	1843.84
11.55,	1840.78
11.57,	1816.23
11.59,	1825.44
11.55,	1843.84
11.56,	1843.84
11.54,	1825.44
11.59,	1825.44
11.55,	1856.12
11.56,	1837.71
11.54,	1819.30
11.53,	1828.51
11.48,	1828.51
11.55,	1840.78
11.55,	1822.37
11.52,	1822.37
11.51,	1846.91
11.54,	1840.78
11.53,	1819.30
11.54,	1834.64
11.51,	1843.84
11.56,	1843.84
11.53,	1822.37
11.53,	1837.71
11.52,	1846.91
11.55,	1849.98
11.52,	1849.98
11.52,	1840.78
11.53,	1846.91
11.55,	1846.91
11.54,	1840.78
11.51,	1825.44
11.52,	1846.91
11.55,	1846.91
11.55,	1843.84
11.50,	1834.64
11.51,	1843.84
11.52,	1843.84
11.54,	1856.12
11.54,	1837.71
11.53,	1819.30
11.54,	1843.84
11.54,	1840.78
11.54,	1831.57
11.53,	1816.23
11.54,	1797.83
11.53,	1849.98
11.55,	1828.51
11.53,	1813.17
11.55,	1813.17
11.54,	1843.84
11.55,	1837.71
11.51,	1819.30
11.50,	1819.30
11.54,	1800.89
11.54,	1834.64
11.52,	1819.30
11.51,	1810.10
11.54,	1794.76
11.55,	1831.57
11.51,	1819.30
11.51,	1813.17
11.52,	1797.83
11.52,	1788.62
11.51,	1816.23
11.52,	1813.17
11.52,	1800.89
11.51,	1788.62
11.53,	1779.42
11.52,	1813.17
11.52,	1800.89
11.51,	1791.69
11.53,	1794.76
11.51,	1816.23
11.44,	1807.03
11.52,	1791.69
11.50,	1785.55
11.52,	1813.17
11.53,	1807.03
11.53,	1794.76
11.52,	1788.62
11.50,	1803.96
11.51,	1810.10
11.50,	1794.76
11.53,	1791.69
11.51,	1800.89
11.49,	1816.23
11.54,	1791.69
11.52,	1794.76
11.47,	1810.10
11.50,	1828.51
11.51,	1794.76
11.50,	1788.62
11.49,	1807.03
11.49,	1825.44
11.52,	1794.76
11.53,	1791.69
11.50,	1810.10
11.46,	1825.44
11.53,	1813.17
11.53,	1791.69
11.48,	1810.10
11.47,	1828.51
11.52,	1819.30
11.53,	1788.62
11.49,	1797.83
11.47,	1828.51
11.49,	1813.17
11.54,	1800.89
11.48,	1807.03
11.46,	1825.44
11.50,	1816.23
11.47,	1800.89
11.49,	1813.17
11.49,	1828.51
11.46,	1813.17
11.48,	1807.03
11.50,	1816.23
11.48,	1883.73
11.47,	1816.23
11.48,	1800.89
11.48,	1807.03
11.46,	1840.78
11.47,	1822.37
11.49,	1803.96
11.47,	1807.03
11.46,	1831.57
11.48,	1849.98
11.49,	1803.96
11.47,	1807.03
11.44,	1834.64
11.47,	1859.18
11.48,	1800.89
11.45,	1800.89
11.46,	1837.71
11.49,	1859.18
11.48,	1853.05
11.46,	1810.10
11.45,	1840.78
11.50,	1859.18
11.44,	1840.78
11.45,	1902.14
11.50,	1856.12
11.54,	1853.05
11.46,	1853.05
11.43,	1849.98
11.50,	1856.12
11.53,	1856.12
11.53,	1853.05
11.46,	1828.51
11.51,	1859.18
11.53,	1862.25
11.54,	1840.78
11.51,	1831.57
11.50,	1859.18
11.51,	1856.12
11.54,	1834.64
11.55,	1834.64
11.53,	1834.64
11.53,	1840.78
11.50,	1831.57
11.53,	1831.57
11.55,	1816.23
11.54,	1816.23
11.54,	1828.51
11.54,	1828.51
11.51,	1813.17
11.52,	1831.57
11.53,	1828.51
11.55,	1822.37
11.58,	1816.23
11.54,	1843.84
11.55,	1846.91
11.58,	1813.17
11.58,	1831.57
11.54,	1849.98
11.50,	1834.64
11.56,	1810.10
11.54,	1843.84
11.54,	1846.91
11.54,	1831.57
11.58,	1831.57
11.53,	1853.05
11.53,	1834.64
11.54,	1825.44
11.49,	1843.84
11.53,	1846.91
11.54,	1825.44
11.53,	1840.78
11.50,	1849.98
11.53,	1843.84
11.53,	1828.51
11.51,	1849.98
11.53,	1849.98
11.55,	1853.05
11.52,	1846.91
11.48,	1846.91
11.53,	1849.98
11.53,	1849.98
11.54,	1834.64
11.51,	1843.84
11.53,	1856.12
11.50,	1840.78
11.50,	1831.57
11.53,	1831.57
11.54,	1853.05
11.54,	1846.91
11.51,	1825.44
11.49,	1816.23
11.52,	1791.69
11.52,	1831.57
11.50,	1819.30
11.50,	1807.03
11.51,	1794.76
11.50,	1822.37
11.49,	1819.30
11.53,	1791.69
11.52,	1797.83
11.51,	1819.30
11.49,	1807.03
11.52,	1794.76
11.49,	1803.96
11.46,	1831.57
11.51,	1803.96
11.51,	1794.76
11.47,	1822.37
11.47,	1828.51
11.51,	1807.03
11.47,	1831.57
11.48,	1819.30
11.48,	1800.89
11.46,	1828.51
11.48,	1825.44
11.48,	1810.10
11.45,	1807.03
11.47,	1843.84
11.47,	1819.30
11.45,	1803.96
11.44,	1822.37
11.47,	1849.98
11.49,	1856.12
11.46,	1810.10
11.44,	1840.78
11.42,	1856.12
11.46,	1862.25
11.44,	1807.03
11.45,	1859.18
11.48,	1856.12
11.50,	1865.32
11.46,	1843.84
11.49,	1859.18
11.52,	1856.12
11.52,	1856.12
11.51,	1840.78
11.49,	1831.57
11.52,	1856.12
11.53,	1853.05
11.53,	1834.64
11.46,	1834.64
11.50,	1859.18
11.53,	1834.64
11.53,	1828.51
11.54,	1831.57
11.51,	1822.37
11.52,	1822.37
11.49,	1831.57
11.54,	1831.57
11.54,	1816.23
11.50,	1834.64
11.53,	1831.57
11.54,	1819.30
11.58,	1819.30
11.53,	1843.84
11.54,	1834.64
11.56,	1816.23
11.54,	1831.57
11.51,	1853.05
11.55,	1822.37
11.58,	1822.37
11.54,	1849.98
11.54,	1846.91
11.57,	1825.44
11.56,	1831.57
11.48,	1853.05
11.50,	1831.57
11.57,	1831.57
11.51,	1834.64
11.50,	1846.91
11.51,	1822.37
11.50,	1843.84
11.51,	1856.12
11.54,	1828.51
11.53,	1834.64
11.50,	1849.98
11.51,	1853.05
11.50,	1853.05
11.49,	1843.84
11.50,	1846.91
11.53,	1849.98
11.51,	1849.98
11.50,	1846.91
11.53,	1849.98
11.53,	1853.05
11.51,	1837.71
11.51,	1828.51
11.53,	1856.12
11.53,	1843.84
11.52,	1825.44
11.54,	1816.23
11.51,	1846.91
11.50,	1825.44
11.48,	1819.30
11.50,	1810.10
11.53,	1791.69
11.51,	1822.37
11.50,	1813.17
11.51,	1800.89
11.50,	1800.89
11.47,	1828.51
11.48,	1803.96
11.50,	1794.76
11.47,	1819.30
11.50,	1828.51
11.50,	1800.89
11.48,	1803.96
11.44,	1831.57
11.47,	1810.10
11.51,	1807.03
11.47,	1831.57
11.47,	1822.37
